7,4,10,3,91,561,42,213,0,0,0,0,0,0,0,0,6,172,303,0,7,0,0
37,0,51,3,145,1006,31,395,0,0,6,0,0,17,17,0,1,53,27,0,4,3,26
43,0,62,5,226,941,70,543,0,0,0,0,0,0,0,0,6,231,480,0,43,0,0
178,395,168,20,427,3999,170,742,0,0,0,0,0,0,0,0,19,278,287,0,140,0,0
31,20,159,3,190,1749,7,466,0,0,0,0,0,0,0,0,8,89,64,0,31,0,0
72,14,50,5,262,1315,78,692,0,0,0,0,0,0,0,0,12,253,549,0,56,0,0
15,0,13,2,176,461,17,240,0,0,0,0,0,0,0,0,7,175,259,0,15,0,0
15,4,72,2,149,924,15,436,0,0,0,0,0,0,0,0,7,92,29,0,15,0,0
26,0,10,1,183,509,21,204,0,0,0,0,0,0,0,0,6,118,128,0,26,0,0
42,0,10,3,206,442,30,287,0,0,3,0,1,8,15,0,3,47,63,0,18,1,15
116,0,7,19,190,533,83,243,0,0,8,0,1,18,11,0,1,11,5,0,8,1,17
85,34,28,8,290,1797,123,331,0,0,271,0,1,67,75,0,3,97,98,0,29,3,82
89,5,32,10,333,1649,135,462,0,0,327,0,2,73,149,0,8,125,141,0,29,3,90
0,0,0,0,26,58,3,33,0,0,0,0,0,0,0,0,4,100,170,0,0,0,0
93,12,66,8,228,1052,66,518,0,0,0,0,0,0,0,0,4,170,347,0,75,0,0
75,0,0,9,98,476,143,72,0,0,199,0,1,63,108,0,1,27,31,0,3,3,126
12,16,49,2,198,1288,5,775,0,0,0,0,0,0,0,0,18,332,687,0,0,0,0
77,0,5,2,155,490,46,99,0,0,54,0,2,44,19,0,0,10,1,0,1,1,43
2,0,1,0,35,141,14,46,0,0,0,0,0,0,0,0,7,214,366,0,0,0,0
0,0,0,0,0,0,0,0,0,0,0,0,0,0,0,0,4,77,25,0,0,0,0
121,9,50,13,311,1745,125,390,0,0,244,0,1,57,78,0,3,87,82,0,46,3,76
0,0,0,0,0,0,0,0,0,0,71,0,0,0,5,0,0,0,6,0,0,0,0
19,19,27,6,167,1182,24,557,0,0,0,0,0,0,0,0,10,278,551,0,8,0,0
0,0,0,0,0,0,0,0,0,0,0,0,0,0,0,0,4,90,178,0,0,0,0
119,7,19,13,226,1319,142,222,0,0,213,0,1,44,74,0,1,52,48,0,19,10,112
88,0,1,16,72,325,72,119,0,0,44,0,6,9,5,0,0,1,2,0,0,16,72
20,1,24,3,174,661,50,442,0,0,0,0,0,0,0,0,11,279,540,0,20,0,0
0,0,1,0,29,117,0,98,0,0,0,0,0,0,0,0,5,104,169,0,0,0,0
17,0,19,4,155,717,13,351,0,0,0,0,0,0,0,0,9,164,291,0,9,0,0
150,0,14,9,248,984,112,293,0,0,108,0,1,33,58,0,2,15,5,0,14,5,97
25,18,61,8,244,1251,43,659,0,0,0,0,0,0,0,0,5,135,198,0,25,0,0
10,0,18,0,66,641,1,293,0,0,0,0,0,0,0,0,9,144,315,0,3,0,0
4,5,1,1,88,420,0,115,0,0,0,0,0,0,0,0,6,154,265,0,0,0,0
0,0,0,0,0,0,0,0,0,0,0,0,0,0,0,0,3,68,124,0,0,0,0
1,2,0,3,5,359,30,35,0,0,0,0,0,0,0,0,10,263,670,0,1,0,0
82,3,20,7,251,1008,78,546,0,0,0,0,0,0,0,0,15,313,620,0,68,0,0
0,0,0,0,0,0,0,0,0,0,0,0,0,0,0,0,2,37,121,0,0,0,0
0,0,0,11,0,0,30,0,0,0,4,0,1,9,11,0,0,1,1,0,0,11,30
91,0,0,11,58,362,95,18,0,0,96,0,7,32,24,0,1,6,1,0,1,10,92
0,0,0,0,0,0,45,0,0,0,1,0,0,52,82,0,1,91,182,0,0,0,45
0,0,0,0,0,0,0,0,0,0,0,0,0,0,0,0,3,52,96,0,0,0,0
17,5,6,5,42,428,22,91,0,0,0,0,0,0,0,0,8,59,31,0,10,0,0
0,0,0,1,0,0,21,0,0,0,54,0,0,2,8,0,1,1,4,0,0,1,21
34,59,27,10,67,751,25,152,0,0,0,0,0,0,0,0,3,17,8,0,19,0,0
27,23,4,8,31,655,24,56,0,0,0,0,0,0,0,0,7,57,48,0,9,0,0
6,4,0,2,27,293,16,62,0,0,0,0,0,0,0,0,17,132,113,0,2,0,0
34,35,35,6,117,1496,48,439,0,0,0,0,0,0,0,0,16,299,553,0,8,0,0
6,0,3,0,27,209,1,84,0,0,0,0,0,0,0,0,10,110,94,0,0,0,0
18,6,11,3,48,519,20,152,0,0,0,0,0,0,0,0,12,142,141,0,4,0,0
2,1,0,2,4,208,23,31,0,0,0,0,0,0,0,0,9,193,615,0,0,0,0
5,0,0,3,11,129,32,28,0,0,63,0,2,4,8,0,4,26,44,0,0,3,32
20,0,100,0,211,1377,0,617,0,0,0,0,0,0,0,0,8,135,341,0,5,0,0
12,0,1,2,33,114,16,51,0,0,21,0,0,2,3,0,0,3,1,0,0,2,14
58,0,26,3,158,953,43,269,0,0,24,0,0,15,43,0,0,40,24,0,2,3,39
25,19,47,2,147,719,17,233,0,0,0,0,0,0,0,0,9,103,60,0,12,0,0
21,24,9,5,58,961,36,227,0,0,0,0,0,0,0,0,15,245,520,0,3,0,0
24,3,3,6,39,587,60,129,0,0,76,0,0,7,23,0,2,61,57,0,0,3,38
19,0,8,2,50,315,23,132,0,0,0,0,0,0,0,0,7,46,36,0,7,0,0
259,2151,514,0,0,0,0,0,0,0,0,0,0,0,0,0,0,0,0,0,259,0,0
6,0,0,6,12,75,39,14,0,0,39,0,2,4,2,0,3,12,31,0,0,5,38
12,5,28,1,76,638,2,273,0,0,0,0,0,0,0,0,6,77,167,0,3,0,0
4,0,0,3,18,77,34,36,0,0,7,0,0,3,34,0,0,54,77,0,0,3,34
5,1,0,3,11,215,26,18,0,0,0,0,0,0,0,0,4,31,82,0,2,0,0
0,0,0,4,0,0,88,0,0,0,264,0,1,9,60,0,1,19,72,0,0,4,88
0,0,0,2,0,0,13,0,0,0,4,0,0,1,1,0,0,18,69,0,0,2,13
6,0,1,1,40,104,24,72,0,0,55,0,0,3,12,0,0,17,16,0,0,1,24
15,2,1,7,26,224,34,26,0,0,44,0,2,5,4,0,5,22,11,0,0,3,32
9,7,12,3,70,339,4,172,0,0,0,0,0,0,0,0,4,66,82,0,2,0,0
4,0,6,0,62,158,0,132,0,0,0,0,0,0,0,0,5,78,160,0,0,0,0
0,0,0,0,0,0,0,0,0,0,0,0,0,0,0,0,3,40,87,0,0,0,0
18,3,1,7,34,249,35,56,0,0,19,0,1,5,7,0,4,17,10,0,2,3,26
22,9,2,8,54,375,25,65,0,0,34,0,0,6,6,0,3,15,8,0,4,1,16
27,0,8,3,88,437,43,193,0,0,17,0,0,0,0,0,0,11,17,0,2,3,36
0,0,0,11,0,0,18,0,0,0,2,0,0,0,0,0,1,0,0,0,0,11,18
0,0,0,0,0,0,0,0,0,0,0,0,0,0,0,0,2,54,312,0,0,0,0
13,0,0,10,0,107,17,0,0,0,2,0,0,1,0,0,1,2,0,0,0,1,6
52,21,22,3,157,1560,46,479,0,0,54,0,1,24,43,0,3,64,315,0,2,3,42
2,0,1,0,22,89,0,65,0,0,0,0,0,0,0,0,4,46,0,0,0,0,0
54,62,160,5,246,1918,16,460,0,0,0,0,0,0,0,0,14,108,82,0,31,0,0
16,0,2,5,34,226,21,40,0,0,23,0,2,4,2,0,5,8,3,0,1,3,20
0,0,0,0,0,0,0,0,0,0,0,0,0,0,0,0,1,8,7,0,0,0,0
0,0,0,0,0,0,0,0,0,0,0,0,0,0,0,0,2,2,2,0,0,0,0
6,67,5,0,0,0,0,0,0,0,0,0,0,0,0,0,0,0,0,0,6,0,0
70,43,77,12,181,577,99,309,0,0,0,0,0,0,0,0,6,97,96,0,51,0,0
7,11,18,3,36,245,7,78,0,0,0,0,0,0,0,0,3,11,6,0,7,0,0
87,11,38,11,165,723,194,491,0,0,0,0,0,0,0,0,4,105,307,0,71,0,0
10,8,3,4,60,574,51,193,0,0,0,0,0,0,0,0,4,115,226,0,4,0,0
24,0,0,68,0,59,185,0,0,0,8,0,10,29,0,0,4,12,0,0,0,52,163
63,20,6,18,38,640,125,159,0,0,23,0,0,1,4,0,0,8,25,0,9,3,32
44,17,28,8,47,391,43,135,0,0,0,0,0,0,0,0,3,32,17,0,20,0,0
105,120,98,13,153,1129,92,437,0,0,0,0,0,0,0,0,5,39,41,0,57,0,0
12,6,2,4,24,367,35,65,0,0,0,0,0,0,0,0,3,84,114,0,2,0,0
4,0,0,4,0,98,16,0,0,0,0,0,0,0,0,0,1,22,82,0,0,0,0
0,0,0,2,0,0,18,0,0,0,10,0,0,5,0,0,1,8,23,0,0,2,18
4,0,1,0,9,53,0,46,0,0,0,0,0,0,0,0,1,11,2,0,0,0,0
0,0,0,0,0,0,0,0,0,0,0,0,0,0,0,0,0,29,58,0,0,0,0
8,0,7,1,46,117,6,120,0,0,0,0,0,0,0,0,4,76,104,0,3,0,0
5,0,1,3,11,116,23,42,0,0,0,0,0,0,0,0,3,56,66,0,2,0,0
10,1,0,6,9,100,52,14,0,0,40,0,0,6,8,0,1,14,13,0,0,3,30
137,666,274,0,0,0,0,0,0,0,0,0,0,0,0,0,0,0,0,0,137,0,0
0,0,0,2,0,0,50,0,0,0,90,0,0,2,0,0,0,6,20,0,0,2,50
10,9,0,6,0,238,41,0,0,0,0,0,0,0,0,0,0,10,25,0,0,0,0
0,0,0,0,0,0,0,0,0,0,0,0,0,0,0,0,3,8,17,0,0,0,0
39,2,0,22,10,363,127,25,0,0,104,0,0,7,27,0,0,6,20,0,3,4,55
21,0,5,1,130,315,44,275,0,0,210,0,1,59,205,0,3,62,158,0,1,1,44
1,0,0,2,0,43,4,0,0,0,0,0,0,0,0,0,1,0,0,0,0,0,0
0,0,0,0,0,0,0,0,0,0,0,0,0,0,0,0,0,0,0,0,0,0,0
0,0,0,0,0,10,0,0,0,0,0,0,0,0,0,0,1,2,0,0,0,0,0
1,0,0,1,1,58,1,1,0,0,0,0,0,0,0,0,0,2,1,0,1,0,0
0,0,0,0,0,0,0,0,0,0,0,0,0,0,0,0,1,1,0,0,0,0,0
2,0,0,2,0,33,2,0,0,0,0,0,0,0,0,0,0,0,0,0,0,1,2
10,2,2,2,29,242,23,72,0,0,0,0,0,0,0,0,15,158,220,0,2,0,0
0,0,0,0,0,0,0,0,0,0,0,0,0,0,0,0,0,0,0,0,0,0,0
12,0,1,3,35,196,51,118,0,0,92,0,1,18,44,0,4,91,60,0,0,3,48
2,0,0,0,6,62,0,3,0,0,0,0,0,0,0,0,0,0,9,0,0,0,0
0,0,0,0,0,0,0,0,0,0,0,0,0,0,0,0,0,0,0,0,0,0,0
44,11,35,6,107,904,72,315,0,0,0,0,0,0,0,0,18,200,269,0,20,0,0
2,0,1,0,21,88,0,63,0,0,0,0,0,0,0,0,6,128,160,0,0,0,0
8,0,1,1,22,143,7,31,0,0,6,0,1,3,0,0,1,5,5,0,0,1,7
11,1,9,2,96,322,25,203,0,0,0,0,0,0,0,0,15,236,385,0,5,0,0
21,0,5,3,117,329,52,246,0,0,58,0,1,39,63,0,5,110,179,0,1,3,52
21,2,21,1,92,356,4,147,0,0,0,0,0,0,0,0,11,92,100,0,5,0,0
54,41,40,8,155,1277,105,525,0,0,0,0,0,0,0,0,18,262,364,0,24,0,0
40,5,6,9,127,755,136,214,0,0,343,0,5,92,140,0,12,132,135,0,4,3,104
47,40,17,8,142,996,104,401,0,0,0,0,0,0,0,0,18,204,376,0,21,0,0
2,0,1,0,27,72,1,54,0,0,0,0,0,0,0,0,7,75,122,0,0,0,0
9,2,3,0,71,172,0,73,0,0,0,0,0,0,0,0,12,99,120,0,1,0,0
0,0,0,0,0,0,0,0,0,0,0,0,0,0,0,0,0,0,0,0,0,0,0
6,1,3,1,9,214,2,2,0,0,0,0,0,0,0,0,1,6,0,0,2,0,0
0,0,0,0,0,0,0,0,0,0,0,0,0,0,0,0,13,188,399,0,0,0,0
43,0,2,18,83,476,206,134,0,0,263,0,1,24,80,0,2,54,47,0,1,18,206
3,0,3,0,20,199,0,78,0,0,0,0,0,0,0,0,6,101,152,0,0,0,0
4,1,0,0,6,148,4,20,0,0,0,0,0,0,0,0,11,139,116,0,0,0,0
28,0,2,9,83,413,116,202,0,0,99,0,3,52,127,0,5,144,230,0,4,3,60
0,0,0,0,0,0,1,0,0,0,1,0,0,1,0,0,0,0,0,0,0,0,1
6,0,1,1,15,133,3,14,0,0,2,0,0,0,0,0,0,1,1,0,0,1,3
0,0,0,0,0,0,0,0,0,0,0,0,0,0,0,0,5,57,95,0,0,0,0
147,1252,196,0,0,0,0,0,0,0,0,0,0,0,0,0,0,0,0,0,147,0,0
6,0,1,1,23,147,7,16,0,0,6,0,1,3,0,0,1,5,3,0,0,1,7
56,11,9,13,112,1065,123,270,0,0,141,0,3,43,56,0,6,128,142,0,8,3,68
1,0,0,1,8,55,3,19,0,0,0,0,0,0,0,0,9,115,125,0,0,0,0
54,0,0,0,11,244,0,31,0,0,0,0,0,0,0,0,0,0,0,0,0,0,0
5,1,0,0,40,140,1,44,0,0,0,0,0,0,0,0,9,83,64,0,2,0,0
1,0,0,0,10,59,0,7,0,0,0,0,0,0,0,0,0,24,68,0,0,0,0
45,3,2,8,82,555,39,175,0,0,87,0,1,11,40,0,2,27,33,0,1,3,32
11,3,1,3,12,335,11,14,0,0,0,0,0,0,0,0,1,27,16,0,6,0,0
0,0,0,0,0,0,0,0,0,0,0,0,0,0,0,0,6,99,120,0,0,0,0
15,11,29,1,123,578,12,199,0,0,0,0,0,0,0,0,7,68,34,0,15,0,0
0,0,0,0,0,0,0,0,0,0,0,0,0,0,0,0,4,60,57,0,0,0,0
0,0,0,0,0,0,0,0,0,0,0,0,0,0,0,0,4,77,142,0,0,0,0
0,0,0,0,0,0,0,0,0,0,0,0,0,0,0,0,3,76,159,0,0,0,0
0,0,0,0,0,0,0,0,0,0,0,0,0,0,0,0,2,33,37,0,0,0,0
8,2,35,2,55,129,2,62,0,0,0,0,0,0,0,0,1,16,10,0,8,0,0
44,22,24,8,130,845,76,417,0,0,0,0,0,0,0,0,15,183,250,0,20,0,0
25,5,14,5,135,405,56,327,0,0,0,0,0,0,0,0,16,182,364,0,9,0,0
97,400,133,0,0,0,0,0,0,0,0,0,0,0,0,0,0,0,0,0,97,0,0
0,0,0,1,0,0,10,0,0,0,13,0,0,3,5,0,0,7,45,0,0,1,10
15,1,20,2,113,276,25,248,0,0,0,0,0,0,0,0,15,148,218,0,7,0,0
31,0,14,3,159,425,52,382,0,0,64,0,1,19,41,0,5,69,91,0,1,3,52
11,6,3,2,59,151,7,61,0,0,0,0,0,0,0,0,11,100,83,0,1,0,0
6,2,2,1,52,90,4,61,0,0,0,0,0,0,0,0,8,67,54,0,2,0,0
26,14,25,3,104,610,11,272,0,0,0,0,0,0,0,0,13,161,202,0,6,0,0
3,0,0,3,6,82,18,17,0,0,0,0,0,0,0,0,7,74,77,0,1,0,0
3,12,0,0,0,0,0,0,0,0,0,0,0,0,0,0,0,0,0,0,3,0,0
1,0,0,0,0,6,0,0,0,0,0,0,0,0,0,0,1,1,0,0,0,0,0
0,0,0,0,0,0,0,0,0,0,0,0,0,0,0,0,1,3,1,0,0,0,0
1,0,0,1,2,34,0,5,0,0,0,0,0,0,0,0,0,2,5,0,0,0,0
0,0,0,0,0,0,0,0,0,0,0,0,0,0,1,0,0,0,0,0,0,0,0
0,0,0,1,0,9,2,0,0,0,0,0,0,0,0,0,0,4,1,0,0,0,0
0,0,0,0,0,0,0,0,0,0,0,0,0,0,0,0,0,1,0,0,0,0,0
5,0,0,0,32,86,0,32,0,0,0,0,0,0,0,0,10,67,34,0,1,0,0
0,0,0,0,0,0,0,0,0,0,0,0,0,0,0,0,1,13,1,0,0,0,0
9,0,0,2,36,154,5,34,0,0,0,0,0,0,0,0,9,61,11,0,3,0,0
20,132,1,0,0,0,0,0,0,0,0,0,0,0,0,0,0,0,0,0,20,0,0
13,0,0,3,94,75,30,49,0,0,12,0,1,1,0,0,5,14,0,0,1,3,30
9,0,0,2,56,98,15,24,0,0,0,0,0,0,0,0,9,53,21,0,3,0,0
0,0,0,1,0,0,33,0,0,0,0,0,0,0,0,0,1,27,11,0,0,1,33
0,0,0,0,0,0,0,0,0,0,0,0,0,0,0,0,7,45,17,0,0,0,0
32,22,23,9,57,574,36,182,0,0,0,0,0,0,0,0,17,110,152,0,10,0,0
0,0,0,0,0,0,1,0,0,0,0,0,0,0,0,0,0,2,4,0,0,0,1
0,0,0,0,0,0,0,0,0,0,0,0,0,0,0,0,4,86,216,0,0,0,0
2,0,0,2,0,58,7,0,0,0,0,0,0,0,0,0,7,68,90,0,0,0,0
3,0,0,3,5,106,18,12,0,0,0,0,0,0,0,0,11,86,109,0,1,0,0
12,4,12,6,43,308,13,141,0,0,0,0,0,0,0,0,9,91,223,0,5,0,0
31,14,9,11,37,459,38,112,0,0,0,0,0,0,0,0,11,93,186,0,13,0,0
0,0,0,2,0,0,33,0,0,0,90,0,1,10,19,0,3,24,27,0,0,2,33
17,1,0,14,13,203,57,26,0,0,40,0,4,7,8,0,6,28,52,0,2,3,28
4,2,0,4,8,215,22,30,0,0,0,0,0,0,0,0,14,171,338,0,1,0,0
102,869,205,0,0,0,0,0,0,0,0,0,0,0,0,0,0,0,0,0,102,0,0
12,6,3,5,30,275,21,77,0,0,0,0,0,0,0,0,13,81,111,0,6,0,0
0,0,0,3,0,0,41,0,0,0,29,0,5,9,3,0,4,10,21,0,0,3,41
4,1,0,1,8,107,25,27,0,0,0,0,0,0,0,0,11,125,226,0,0,0,0
6,0,0,8,0,74,50,0,0,0,16,0,2,9,8,0,7,40,36,0,0,5,31
4,2,0,3,11,209,23,69,0,0,0,0,0,0,0,0,12,163,404,0,1,0,0
1,0,0,2,3,46,8,26,0,0,0,0,0,0,0,0,13,135,320,0,0,0,0
9,26,31,7,42,117,6,20,0,0,0,0,0,0,0,0,4,7,0,0,9,0,0
15,0,10,2,33,215,10,86,0,0,11,0,0,0,3,0,0,3,1,0,0,2,9
6,1,0,5,11,37,26,10,0,0,14,0,0,3,1,0,2,10,2,0,0,3,22
5,1,15,2,67,262,6,111,0,0,3,0,0,0,2,0,0,6,5,0,5,0,0
2,0,1,0,15,52,1,26,0,0,0,0,0,0,0,0,6,39,45,0,0,0,0
2,0,1,3,13,38,14,19,0,0,0,0,0,0,0,0,4,28,17,0,2,0,0
5,69,3,0,0,0,0,0,0,0,0,0,0,0,0,0,0,0,0,0,5,0,0
0,0,0,0,0,0,0,0,0,0,0,0,0,0,0,0,0,0,0,0,0,0,0
0,0,0,0,0,0,0,0,0,0,0,0,0,0,0,0,4,9,6,0,0,0,0
0,0,0,0,0,0,0,0,0,0,0,0,0,0,0,0,2,4,4,0,0,0,0
0,0,0,0,0,0,0,0,0,0,0,0,0,0,0,0,3,5,2,0,0,0,0
244,306,186,38,427,2355,151,556,0,0,175,0,6,36,22,0,7,63,44,0,136,1,34
307,184,588,19,391,1870,98,934,0,0,0,0,0,0,0,0,8,97,158,0,261,0,0
205,63,99,28,317,1397,178,664,0,0,210,0,9,75,90,0,8,59,75,0,90,3,74
119,10,39,15,282,1050,132,629,0,0,0,0,0,0,0,0,12,282,500,0,85,0,0
179,14,3,48,158,917,244,149,0,0,125,0,7,36,28,0,3,22,17,0,11,27,193
228,82,183,20,285,1285,165,795,0,0,0,0,0,0,0,0,7,115,259,0,168,0,0
83,0,8,25,165,474,208,246,0,0,176,0,13,109,128,0,2,24,46,0,13,10,149
168,15,24,48,249,1313,261,300,0,0,221,0,6,69,32,0,6,62,76,0,38,11,171
26,11,7,10,42,772,50,206,0,0,0,0,0,0,0,0,7,86,141,0,10,0,0
23,4,8,6,31,609,43,193,0,0,0,0,0,0,0,0,6,68,140,0,9,0,0
200,58,30,53,259,1530,223,247,0,0,356,0,14,74,55,0,6,38,26,0,47,8,145
1,0,0,1,8,84,2,30,0,0,0,0,0,0,0,0,9,102,207,0,0,0,0
0,0,0,1,0,0,9,0,0,0,22,0,0,0,2,0,0,2,0,0,0,1,9
115,7,1,48,118,624,279,82,0,0,201,0,12,48,34,0,2,8,15,0,7,29,246
179,14,3,48,158,917,244,149,0,0,125,0,7,36,28,0,3,22,17,0,11,27,193
301,321,551,17,339,1935,88,693,0,0,0,0,0,0,0,0,4,62,90,0,253,0,0
643,1924,1345,0,0,0,0,0,0,0,0,0,0,0,0,0,0,0,0,0,643,0,0
98,0,54,14,260,920,118,640,0,0,0,0,0,0,0,0,9,222,454,0,66,0,0
124,3,2,53,140,654,264,128,0,0,271,0,21,58,29,0,7,30,30,0,10,24,219
126,14,40,26,266,1104,199,599,0,0,90,0,4,67,79,0,7,99,181,0,51,3,76
130,9,5,35,179,809,246,287,0,0,152,0,12,90,96,0,6,43,75,0,22,12,149
76,0,8,26,162,492,194,232,0,0,128,0,12,111,108,0,4,37,61,0,13,8,125
21,4,1,11,28,559,73,142,0,0,87,0,4,20,15,0,5,45,21,0,1,3,42
37,0,1,10,155,336,63,177,0,0,47,0,0,6,47,0,2,70,168,0,5,1,24
1,0,0,0,45,33,0,56,0,0,0,0,0,0,0,0,1,55,297,0,0,0,0
121,0,39,18,316,972,158,651,0,0,154,0,8,102,62,0,10,146,214,0,51,3,82
30,11,36,6,127,633,27,461,0,0,0,0,0,0,0,0,9,110,140,0,8,0,0
72,1,8,18,174,494,199,268,0,0,117,0,6,95,136,0,3,51,146,0,27,3,70
147,11,88,28,315,1123,142,622,0,0,182,0,4,70,138,0,8,104,170,0,71,1,44
65,3,20,17,198,640,154,437,0,0,73,0,5,96,152,0,3,74,143,0,32,1,48
40,2,0,19,63,381,84,27,0,0,170,0,2,17,28,0,2,14,13,0,1,2,56
106,1,11,10,139,1237,67,339,0,0,300,0,0,13,45,0,3,42,21,0,8,0,28
29,0,0,23,53,114,93,28,0,0,70,0,0,5,10,0,0,2,1,0,0,23,93
0,0,0,4,0,0,36,0,0,0,70,0,0,3,11,0,0,1,3,0,0,4,36
0,0,0,0,0,0,29,0,0,0,84,0,4,7,19,0,1,2,2,0,0,0,29
79,11,9,26,172,804,200,206,0,0,174,0,9,85,76,0,4,47,62,0,16,6,133
74,0,1,23,98,444,83,96,0,0,64,0,4,20,22,0,0,2,10,0,2,9,66
75,14,9,23,235,1218,146,315,0,0,91,0,1,22,59,0,2,43,109,0,12,5,105
18,0,3,5,30,281,46,179,0,0,29,0,2,19,11,0,3,35,61,0,0,3,28
44,0,1,27,110,290,131,93,0,0,124,0,21,88,54,0,7,21,33,0,2,11,103
13,0,0,9,15,233,59,69,0,0,31,0,5,22,16,0,6,52,60,0,1,3,30
64,0,1,64,88,177,215,83,0,0,112,0,10,20,11,0,1,3,14,0,0,64,215
124,19,11,43,230,1090,245,272,0,0,224,0,6,67,80,0,6,64,79,0,25,9,155
13,0,0,18,9,152,97,52,0,0,72,0,1,12,9,0,1,11,8,0,0,18,96
0,0,0,0,0,0,1,0,0,0,0,0,0,0,0,0,0,0,0,0,0,0,1
0,0,0,0,0,0,18,0,0,0,120,0,6,11,20,0,1,3,4,0,0,0,18
27,5,3,10,21,694,73,140,0,0,59,0,3,11,16,0,4,35,43,0,2,3,40
9,0,0,4,0,242,25,0,0,0,45,0,2,1,0,0,0,0,0,0,0,0,5
0,0,0,4,0,0,21,0,0,0,10,0,0,0,0,0,0,0,0,0,0,4,21
47,7,36,8,222,1276,80,533,0,0,0,0,0,0,0,0,7,146,378,0,34,0,0
7,0,0,3,0,199,37,0,0,0,34,0,1,2,14,0,0,5,16,0,0,1,15
0,0,0,2,0,0,37,0,0,0,58,0,1,2,1,0,0,2,3,0,0,2,37
51,0,23,12,230,1096,107,475,0,0,26,0,1,8,39,0,5,100,276,0,21,1,39
85,2,46,4,161,1125,58,977,0,0,0,0,0,0,0,0,9,215,509,0,55,0,0
0,0,0,8,0,0,63,0,0,0,51,0,0,10,13,0,0,5,6,0,0,8,63
0,0,0,8,0,0,63,0,0,0,51,0,0,10,13,0,0,5,6,0,0,8,63
11,4,6,3,23,495,65,164,0,0,0,0,0,0,0,0,2,101,180,0,5,0,0
0,0,0,0,0,0,0,0,0,0,0,0,0,0,0,0,2,81,339,0,0,0,0
93,2,0,43,0,841,232,0,0,0,112,0,0,5,23,0,0,5,8,0,0,22,155
151,12,6,23,115,1877,174,411,0,0,129,0,0,1,25,0,1,5,10,0,16,6,65
115,0,18,9,169,1859,100,589,0,0,39,0,0,4,17,0,0,10,113,0,25,1,15
0,0,0,0,0,0,0,0,0,0,0,0,0,0,0,0,0,0,0,0,0,0,0
0,0,0,15,0,0,87,0,0,0,82,0,0,15,16,0,0,5,4,0,0,15,87
118,1,5,22,87,1121,162,218,0,0,206,0,0,9,36,0,0,2,9,0,3,15,130
0,0,0,0,0,0,0,0,0,0,0,0,0,0,0,0,0,0,0,0,0,0,0
87,0,2,18,37,946,152,138,0,0,198,0,0,6,24,0,0,8,11,0,3,5,66
0,0,0,0,0,0,2,0,0,0,5,0,0,1,5,0,0,0,0,0,0,0,2
87,0,2,18,37,946,152,138,0,0,198,0,0,6,24,0,0,8,11,0,3,5,66
23,18,25,7,59,1092,37,411,0,0,0,0,0,0,0,0,6,82,110,0,12,0,0
10,2,0,5,12,291,70,119,0,0,80,0,0,2,6,0,2,81,150,0,1,1,46
68,13,21,18,180,781,162,368,0,0,72,0,4,75,68,0,3,72,148,0,32,1,44
97,12,32,8,168,1240,108,784,0,0,165,0,2,43,34,0,5,114,227,0,32,3,82
0,0,0,0,0,0,0,0,0,0,1,0,0,0,3,0,0,6,35,0,0,0,0
0,0,0,6,0,0,59,0,0,0,65,0,0,17,22,0,1,51,86,0,0,6,59
0,0,0,0,0,0,0,0,0,0,0,0,0,0,0,0,5,80,196,0,0,0,0
9,47,22,0,0,0,0,0,0,0,0,0,0,0,0,0,0,0,0,0,9,0,0
0,0,0,0,0,0,0,0,0,0,0,0,0,0,0,0,3,33,17,0,0,0,0
3,0,3,2,21,7,5,5,0,0,0,0,0,0,0,0,2,6,0,0,3,0,0
0,0,0,1,8,8,2,6,0,0,0,0,0,0,0,0,3,37,23,0,0,0,0
15,0,3,1,60,494,19,254,0,0,25,0,1,19,16,0,3,52,210,0,3,1,19
20,3,12,5,128,514,62,362,0,0,0,0,0,0,0,0,18,385,755,0,6,0,0
21,0,5,3,104,270,47,229,0,0,59,0,1,26,24,0,7,68,59,0,1,3,46
39,65,32,11,104,1236,90,431,0,0,0,0,0,0,0,0,10,189,359,0,23,0,0
50,49,17,12,99,1166,162,367,0,0,0,0,0,0,0,0,16,251,399,0,22,0,0
0,0,0,0,0,0,0,0,0,0,0,0,0,0,0,0,3,27,1,0,0,0,0
26,5,13,8,57,560,65,310,0,0,0,0,0,0,0,0,17,226,394,0,10,0,0
8,0,0,4,34,97,57,60,0,0,27,0,0,8,21,0,0,13,20,0,0,4,57
224,618,233,37,328,4092,154,744,0,0,0,0,0,0,0,0,24,197,239,0,134,0,0
77,27,104,6,235,1201,90,1048,0,0,0,0,0,0,0,0,9,196,349,0,57,0,0
20,1,0,9,11,357,70,29,0,0,130,0,0,16,26,0,2,31,17,0,0,5,49
38,10,3,14,58,833,138,150,0,0,259,0,2,15,35,0,14,116,74,0,2,3,92
33,10,2,13,53,874,156,117,0,0,426,0,3,85,110,0,8,126,178,0,3,3,106
10,1,3,3,75,301,45,196,0,0,0,0,0,0,0,0,13,313,841,0,2,0,0
476,2998,1273,0,0,0,0,0,0,0,0,0,0,0,0,0,0,0,0,0,476,0,0
44,25,35,6,201,906,78,839,0,0,0,0,0,0,0,0,9,251,587,0,30,0,0
47,0,0,0,30,689,0,85,0,0,2,0,0,1,0,0,3,3,0,0,1,0,0
10,1,1,4,47,194,62,107,0,0,24,0,0,0,0,0,1,5,0,0,1,1,14
5,5,0,7,10,427,73,35,0,0,0,0,0,0,0,0,7,209,340,0,1,0,0
5,0,5,0,61,204,5,186,0,0,0,0,0,0,0,0,9,119,226,0,1,0,0
5,0,0,4,16,114,40,43,0,0,65,0,0,5,14,0,5,45,96,0,0,3,40
12,7,9,2,73,534,48,316,0,0,0,0,0,0,0,0,9,241,357,0,5,0,0
33,13,8,7,81,600,68,234,0,0,0,0,0,0,0,0,12,153,121,0,15,0,0
64,72,115,15,271,1482,83,723,0,0,0,0,0,0,0,0,21,189,399,0,42,0,0
19,0,3,3,63,632,50,265,0,0,78,0,0,18,52,0,1,99,303,0,3,3,50
18,0,1,7,73,146,108,195,0,0,177,0,1,40,201,0,2,64,136,0,0,7,108
30,0,0,0,20,400,0,31,0,0,0,0,0,0,0,0,0,0,0,0,0,0,0
6,0,4,0,78,201,4,173,0,0,0,0,0,0,0,0,10,145,130,0,2,0,0
0,0,0,0,0,0,9,0,0,0,6,0,0,0,3,0,0,11,13,0,0,0,9
0,0,0,5,0,0,44,0,0,0,103,0,0,13,27,0,0,15,14,0,0,5,44
4,0,0,3,7,174,29,40,0,0,21,0,0,8,0,0,2,47,87,0,0,3,24
0,0,0,0,0,0,0,0,0,0,0,0,0,0,0,0,0,0,0,0,0,0,0
18,7,3,5,51,781,91,248,0,0,0,0,0,0,0,0,9,255,703,0,11,0,0
10,0,2,1,77,287,24,203,0,0,67,0,0,16,59,0,2,49,148,0,1,1,24
18,0,0,0,21,177,90,66,0,0,90,0,0,10,76,0,0,22,80,0,0,0,89
44,6,12,9,171,617,115,665,0,0,261,0,1,40,214,0,4,115,215,0,17,1,82
0,0,0,0,0,0,11,0,0,0,15,0,0,0,18,0,0,5,9,0,0,0,11
4,1,0,0,35,149,3,73,0,0,0,0,0,0,0,0,18,264,234,0,0,0,0
1,0,0,0,16,48,0,51,0,0,0,0,0,0,0,0,4,137,244,0,0,0,0
0,0,0,0,0,0,0,0,0,0,0,0,0,0,0,0,5,128,172,0,0,0,0
14,0,1,5,52,133,43,139,0,0,21,0,7,27,32,0,6,90,83,0,0,5,43
0,0,0,2,0,0,10,0,0,0,20,0,0,8,28,0,0,13,23,0,0,2,10
10,1,0,5,15,323,109,57,0,0,245,0,1,60,138,0,5,129,156,0,0,3,104
0,0,0,5,0,0,145,0,0,0,158,0,0,26,42,0,3,96,197,0,0,5,145
93,30,75,10,305,1985,117,488,0,0,362,0,9,45,54,0,18,95,84,0,13,3,86
6,0,0,0,28,71,14,65,0,0,22,0,0,7,31,0,0,35,41,0,0,0,14
4,0,2,0,53,112,0,153,0,0,0,0,0,0,0,0,5,54,85,0,1,0,0
102,15,111,7,249,1632,71,881,0,0,0,0,0,0,0,0,26,259,580,0,62,0,0
148,39,72,12,275,2700,112,444,0,0,332,0,6,45,48,0,19,112,111,0,40,3,84
1,0,0,2,0,57,20,0,0,0,0,0,0,0,0,0,4,74,109,0,0,0,0
2,1,0,3,0,124,19,0,0,0,0,0,0,0,0,0,5,109,81,0,0,0,0
0,0,0,0,0,0,0,0,0,0,0,0,0,0,0,0,3,28,3,0,0,0,0
1,1,1,0,9,60,11,22,0,0,0,0,0,0,0,0,2,32,34,0,1,0,0
0,0,0,3,0,0,40,0,0,0,19,0,0,0,0,0,1,27,38,0,0,3,40
1,0,0,0,7,31,11,10,0,0,5,0,0,8,10,0,2,29,16,0,0,0,8
0,0,0,1,0,0,1,0,0,0,0,0,0,0,0,0,0,0,0,0,0,1,1
1,0,0,1,0,63,1,0,0,0,0,0,0,0,0,0,0,14,31,0,0,0,0
2,1,0,1,7,118,24,12,0,0,0,0,0,0,0,0,7,102,110,0,0,0,0
4,2,0,1,48,143,6,68,0,0,0,0,0,5,2,0,1,20,7,0,1,0,2
0,0,0,0,0,0,0,0,0,0,0,0,0,0,0,0,0,3,0,0,0,0,0
17,8,2,7,79,194,6,22,0,0,0,0,0,0,0,0,6,23,6,0,10,0,0
19,0,2,5,93,142,10,15,0,0,6,0,0,2,0,0,1,7,0,0,3,3,10
10,1,3,2,100,138,4,26,0,0,0,0,0,0,0,0,5,36,19,0,10,0,0
23,0,4,4,186,154,31,115,0,0,0,0,0,0,0,0,10,117,178,0,16,0,0
0,0,0,0,0,0,0,0,0,0,0,0,0,0,0,0,1,10,0,0,0,0,0
1,0,0,2,0,35,7,0,0,0,0,0,0,0,0,0,4,47,29,0,0,0,0
0,0,0,0,0,62,0,0,0,0,0,0,0,0,0,0,4,3,1,0,0,0,0
0,0,0,0,0,0,0,0,0,0,0,0,0,0,0,0,3,4,1,0,0,0,0
0,0,0,0,0,0,0,0,0,0,0,0,0,0,0,0,1,7,1,0,0,0,0
0,0,0,0,0,0,0,0,0,0,0,0,0,0,0,0,2,9,6,0,0,0,0
0,0,0,3,0,0,30,0,0,0,25,0,3,19,7,0,6,71,142,0,0,3,30
29,85,39,19,81,895,90,319,0,0,0,0,0,0,0,0,19,151,255,0,29,0,0
2,13,0,5,16,289,41,75,0,0,0,0,0,0,0,0,10,140,211,0,2,0,0
36,3,0,31,8,221,137,12,0,0,53,0,4,15,5,0,4,16,2,0,0,18,82
18,6,4,9,33,213,41,96,0,0,0,0,0,0,0,0,8,80,112,0,11,0,0
25,14,3,23,38,713,135,78,0,0,333,0,7,42,58,0,15,88,100,0,4,3,74
23,87,43,20,101,1118,103,368,0,0,0,0,0,0,0,0,16,209,339,0,23,0,0
15,0,0,14,0,122,58,0,0,0,47,0,9,14,5,0,3,6,6,0,0,6,52
4,0,2,2,37,69,2,91,0,0,0,0,0,0,0,0,12,115,213,0,1,0,0
4,0,0,3,5,64,36,26,0,0,37,0,1,5,6,0,5,60,75,0,0,3,28
3,6,1,6,18,260,46,70,0,0,0,0,0,0,0,0,11,140,261,0,3,0,0
10,16,19,11,57,412,32,188,0,0,0,0,0,0,0,0,14,119,196,0,10,0,0
1,4,10,3,46,182,3,162,0,0,0,0,0,0,0,0,8,110,235,0,1,0,0
6,1,0,9,15,187,76,32,0,0,160,0,5,28,41,0,8,73,86,0,0,3,58
4,1,1,4,10,165,20,65,0,0,0,0,0,0,0,0,12,147,338,0,1,0,0
0,0,0,29,0,0,111,0,0,0,64,0,10,16,2,0,2,8,3,0,0,29,111
0,0,0,1,0,0,14,0,0,0,25,0,3,10,7,0,4,52,31,0,0,1,14
23,0,3,14,30,160,65,72,0,0,31,0,4,15,16,0,6,44,44,0,3,3,30
0,3,0,3,1,140,49,11,0,0,0,0,0,0,0,0,3,84,36,0,0,0,0
0,0,0,2,0,44,3,0,0,0,0,0,0,0,0,0,5,23,12,0,0,0,0
0,0,0,3,0,0,6,0,0,0,0,0,0,0,0,0,0,13,6,0,0,3,6
1,0,0,2,0,131,3,0,0,0,0,0,0,0,0,0,7,51,28,0,0,0,0
0,0,0,0,0,0,0,0,0,0,0,0,0,0,0,0,4,54,31,0,0,0,0
0,0,0,0,0,0,0,0,0,0,0,0,0,0,0,0,1,36,39,0,0,0,0
0,0,0,0,0,0,0,0,0,0,0,0,0,0,0,0,0,0,0,0,0,0,0
0,0,0,1,0,28,2,0,0,0,0,0,0,0,0,0,0,16,6,0,0,0,0
0,0,0,1,0,0,6,0,0,0,3,0,0,1,0,0,0,12,3,0,0,1,6
0,0,0,1,0,27,4,0,0,0,0,0,0,0,0,0,1,19,11,0,0,0,0
0,0,0,0,0,0,0,0,0,0,0,0,0,0,0,0,1,67,42,0,0,0,0
0,1,0,4,0,75,5,0,0,0,0,0,0,0,0,0,4,21,11,0,0,0,0
1,0,0,0,2,73,14,13,0,0,0,0,0,0,0,0,2,89,61,0,0,0,0
0,0,0,0,0,0,0,0,0,0,0,0,0,0,0,0,4,22,6,0,0,0,0
0,0,0,0,0,0,0,0,0,0,0,0,0,0,0,0,2,4,4,0,0,0,0
0,0,0,1,0,0,4,0,0,0,0,0,0,0,0,0,0,0,1,0,0,1,4
0,0,0,0,0,0,28,0,0,0,14,0,0,14,0,0,0,30,14,0,0,0,28
2,1,0,4,0,233,39,0,0,0,0,0,0,0,0,0,8,135,86,0,0,0,0
0,0,0,3,0,0,2,0,0,0,0,0,0,0,0,0,1,0,0,0,0,3,2
0,0,0,3,0,0,70,0,0,0,72,0,0,16,10,0,0,48,14,0,0,3,70
0,0,0,2,0,29,1,0,0,0,0,0,0,0,0,0,4,6,1,0,0,0,0
46,2,72,3,231,180,30,471,0,0,0,0,0,0,0,0,4,158,286,0,31,0,0
190,46,259,8,363,1639,50,790,0,0,0,0,0,0,0,0,4,76,102,0,130,0,0
101,11,187,2,334,585,13,699,0,0,0,0,0,0,0,0,5,90,175,0,55,0,0
238,126,416,0,0,0,0,0,0,0,0,0,0,0,0,0,0,0,0,0,238,0,0
2,0,0,0,0,35,0,15,0,0,0,0,0,0,0,0,2,6,13,0,0,0,0
1,19,1,0,0,0,0,0,0,0,0,0,0,0,0,0,0,0,0,0,1,0,0
0,0,0,0,0,0,0,0,0,0,0,0,0,0,0,0,1,2,2,0,0,0,0
0,0,0,0,0,0,0,0,0,0,0,0,0,0,0,0,0,1,0,0,0,0,0
0,0,0,0,0,0,0,0,0,0,0,0,0,0,0,0,1,3,9,0,0,0,0
0,0,0,0,0,0,0,0,0,0,0,0,0,0,0,0,1,0,0,0,0,0,0
0,0,0,1,0,17,2,0,0,0,0,0,0,0,0,0,0,2,1,0,0,0,0
0,0,6,0,24,86,8,82,0,0,0,0,0,0,0,0,3,27,27,0,0,0,0
0,0,0,0,0,0,0,0,0,0,0,0,0,0,0,0,2,14,34,0,0,0,0
1,0,0,0,5,66,5,6,0,0,0,0,0,0,0,0,3,9,8,0,1,0,0
27,22,5,14,23,658,78,100,0,0,0,0,0,0,0,0,13,109,206,0,9,0,0
42,122,46,18,87,1356,109,270,0,0,0,0,0,0,0,0,18,187,147,0,22,0,0
21,5,0,18,12,493,105,21,0,0,204,0,10,48,26,0,10,62,31,0,1,3,62
8,1,0,12,0,206,103,0,0,0,209,0,4,33,41,0,10,61,47,0,0,3,66
7,2,1,6,8,197,63,58,0,0,0,0,0,0,0,0,12,136,299,0,3,0,0
0,0,0,18,0,0,122,0,0,0,136,0,3,15,9,0,4,13,6,0,0,18,122
138,957,280,0,0,0,0,0,0,0,0,0,0,0,0,0,0,0,0,0,138,0,0
6,0,0,3,14,81,42,38,0,0,74,0,4,31,34,0,5,48,89,0,0,3,42
36,23,18,11,53,489,43,185,0,0,0,0,0,0,0,0,8,102,154,0,14,0,0
0,0,0,3,0,0,36,0,0,0,100,0,3,16,12,0,3,15,17,0,0,3,36
0,0,0,3,0,0,74,0,0,0,262,0,6,47,44,0,12,107,97,0,0,3,74
1,0,0,0,12,25,0,40,0,0,0,0,0,0,0,0,10,113,200,0,0,0,0
3,0,0,2,13,108,41,54,0,0,0,0,0,0,0,0,12,190,524,0,1,0,0
0,0,0,3,0,0,30,0,0,0,29,0,2,15,13,0,6,48,40,0,0,3,30
2,1,0,4,0,144,50,0,0,0,0,0,0,0,0,0,19,230,435,0,0,0,0
3,2,0,8,0,170,44,0,0,0,0,0,0,0,0,0,10,96,107,0,0,0,0
26,29,10,12,54,483,56,154,0,0,0,0,0,0,0,0,13,102,173,0,15,0,0
5,0,0,9,0,85,72,0,0,0,43,0,4,24,24,0,7,61,105,0,0,3,36
0,0,0,0,0,0,0,0,0,0,0,0,0,0,0,0,1,10,24,0,0,0,0
0,0,0,3,0,0,35,0,0,0,93,0,3,11,14,0,1,11,7,0,0,3,35
0,0,0,0,0,0,0,0,0,0,0,0,0,0,0,0,9,89,120,0,0,0,0
25,0,0,14,12,152,85,35,0,0,47,0,5,8,15,0,5,11,36,0,1,7,49
20,38,8,11,40,408,41,83,0,0,0,0,0,0,0,0,11,65,61,0,9,0,0
0,0,0,0,0,0,0,0,0,0,0,0,0,0,0,0,5,98,221,0,0,0,0
9,0,0,7,13,65,39,24,0,0,37,0,6,11,8,0,3,18,16,0,0,3,32
3,0,3,2,34,121,7,88,0,0,0,0,0,0,0,0,9,113,176,0,3,0,0
0,0,0,0,0,0,2,0,0,0,3,0,0,2,2,0,1,10,2,0,0,0,2
2,11,8,3,45,393,10,235,0,0,0,0,0,0,0,0,13,190,332,0,2,0,0
3,0,0,3,8,75,54,27,0,0,136,0,4,29,35,0,8,48,78,0,0,3,54
12,0,0,15,0,131,27,0,0,0,21,0,9,5,0,0,3,13,1,0,0,0,9
7,0,3,3,36,154,6,105,0,0,0,0,0,0,0,0,13,133,160,0,3,0,0
16,0,0,11,0,122,37,0,0,0,39,0,10,2,1,0,3,10,5,0,0,0,22
5,28,3,7,18,474,79,115,0,0,0,0,0,0,0,0,9,122,214,0,5,0,0
0,0,0,0,0,0,6,0,0,0,18,0,0,2,4,0,2,4,4,0,0,0,6
2,0,1,0,15,48,0,73,0,0,0,0,0,0,0,0,9,123,223,0,0,0,0
0,0,0,5,0,0,42,0,0,0,35,0,2,13,10,0,5,27,21,0,0,5,42
0,0,0,36,0,0,57,0,0,0,0,0,0,0,0,0,0,0,1,0,0,36,57
0,0,0,3,0,39,16,0,0,0,0,0,0,0,0,0,9,81,75,0,0,0,0
39,23,16,6,37,267,23,63,0,0,0,0,0,0,0,0,0,8,10,0,27,0,0
32,16,7,10,60,847,59,94,0,0,0,0,0,0,0,0,6,83,95,0,22,0,0
1,0,0,2,0,64,30,0,0,0,0,0,0,0,0,0,5,46,221,0,0,0,0
29,10,3,7,45,200,22,31,0,0,18,0,2,4,0,0,1,12,2,0,8,1,10
37,51,17,7,55,349,14,51,0,0,0,0,0,0,0,0,1,15,17,0,23,0,0
23,0,0,7,38,158,25,31,0,0,2,0,0,6,3,0,0,5,9,0,1,7,24
0,0,0,1,0,0,13,0,0,0,0,0,0,0,0,0,0,1,4,0,0,1,13
108,663,132,0,0,0,0,0,0,0,0,0,0,0,0,0,0,0,0,0,108,0,0
0,0,0,3,0,0,60,0,0,0,176,0,0,0,13,0,0,8,27,0,0,3,60
1,0,0,1,2,30,6,10,0,0,0,0,0,0,0,0,3,5,1,0,0,0,0
3,0,0,1,22,14,5,9,0,0,1,0,0,5,0,0,0,3,3,0,0,1,5
26,2,2,8,54,432,40,54,0,0,49,0,1,12,6,0,1,21,40,0,6,3,30
10,3,2,2,47,101,2,48,0,0,0,0,0,0,0,0,1,8,21,0,5,0,0
0,0,0,1,0,0,6,0,0,0,0,0,0,0,0,0,0,1,0,0,0,1,6
1,0,0,1,0,34,13,0,0,0,0,0,0,0,0,0,2,4,9,0,0,0,0
0,0,0,0,0,0,0,0,0,0,0,0,0,0,0,0,0,1,6,0,0,0,0
25,2,0,9,42,253,40,31,0,0,22,0,0,14,3,0,1,20,11,0,1,8,37
17,0,0,8,43,150,47,36,0,0,31,0,0,13,9,0,0,13,16,0,1,8,46
0,0,0,1,0,0,5,0,0,0,3,0,0,0,2,0,0,1,1,0,0,1,5
4,0,1,1,7,65,2,25,0,0,0,0,0,0,0,0,2,7,14,0,0,0,0
7,3,0,3,19,108,25,9,0,0,0,0,0,0,0,0,2,13,13,0,3,0,0
10,4,1,1,52,152,3,77,0,0,0,0,0,0,0,0,1,47,106,0,5,0,0
17,0,1,1,47,92,6,47,0,0,5,0,0,2,2,0,1,16,10,0,2,1,6
21,1,0,7,52,346,43,51,0,0,48,0,1,17,13,0,2,18,47,0,5,3,32
2,1,0,1,2,120,7,4,0,0,0,0,0,0,0,0,2,13,2,0,0,0,0
0,0,0,1,0,0,8,0,0,0,4,0,0,0,3,0,1,5,4,0,0,1,8
16,1,1,5,46,105,27,40,0,0,21,0,1,9,10,0,1,19,21,0,4,1,14
22,10,4,6,54,232,27,73,0,0,0,0,0,0,0,0,2,30,76,0,14,0,0
0,0,0,0,0,0,0,0,0,0,0,0,0,0,0,0,0,1,2,0,0,0,0
3,0,0,1,21,14,12,10,0,0,11,0,1,8,0,0,1,7,5,0,0,1,12
0,0,0,0,0,0,0,0,0,0,0,0,0,0,0,0,0,6,13,0,0,0,0
3,0,0,1,25,17,14,6,0,0,14,0,1,9,0,0,1,6,6,0,0,1,14
1,0,0,0,21,16,0,9,0,0,0,0,0,0,0,0,0,4,13,0,0,0,0
0,0,0,0,0,0,0,0,0,0,0,0,0,0,0,0,0,1,0,0,0,0,0
1,0,0,2,0,45,0,0,0,0,0,0,0,0,0,0,2,0,0,0,0,0,0
2,0,0,2,0,56,0,0,0,0,0,0,0,0,0,0,2,0,0,0,0,0,0
0,0,0,3,0,0,0,0,0,0,0,0,0,0,0,0,0,0,0,0,0,3,0
0,0,0,0,0,0,0,0,0,0,0,0,0,0,0,0,0,3,0,0,0,0,0
0,0,0,0,0,0,0,0,0,0,0,0,0,0,0,0,0,3,0,0,0,0,0
0,0,0,0,0,0,0,0,0,0,0,0,0,0,0,0,0,4,4,0,0,0,0
0,0,0,0,0,0,0,0,0,0,0,0,0,0,0,0,1,7,10,0,0,0,0
20,16,9,8,35,231,27,32,0,0,0,0,0,0,0,0,5,23,4,0,11,0,0
0,0,1,0,23,26,0,13,0,0,0,0,0,0,0,0,4,24,10,0,0,0,0
22,5,3,9,28,218,22,20,0,0,11,0,1,4,0,0,0,7,0,0,2,3,14
11,9,8,6,33,235,10,20,0,0,0,0,0,0,0,0,7,17,4,0,11,0,0
2,0,1,0,23,122,0,23,0,0,0,0,0,0,0,0,7,28,25,0,0,0,0
3,0,0,3,10,77,14,19,0,0,0,0,0,0,0,0,5,59,38,0,3,0,0
2,0,1,0,20,58,0,20,0,0,0,0,0,0,0,0,3,24,22,0,0,0,0
7,0,0,6,12,77,22,16,0,0,1,0,0,2,2,0,0,16,14,0,1,3,12
3,0,0,3,15,76,10,22,0,0,0,0,0,0,0,0,5,48,29,0,3,0,0
9,0,0,6,8,83,28,8,0,0,7,0,1,8,8,0,1,19,15,0,1,3,20
0,0,0,0,0,0,0,0,0,0,0,0,0,0,0,0,2,16,15,0,0,0,0
8,0,0,5,10,53,22,9,0,0,1,0,0,6,6,0,0,8,9,0,0,5,22
0,0,0,0,0,0,0,0,0,0,0,0,0,0,0,0,6,60,112,0,0,0,0
0,0,0,0,0,0,0,0,0,0,0,0,0,0,0,0,5,21,0,0,0,0,0
0,0,0,0,0,0,0,0,0,0,0,0,0,0,0,0,3,7,5,0,0,0,0
11,1,0,6,16,124,15,26,0,0,0,0,0,0,0,0,0,4,4,0,2,3,4
1,0,0,2,12,48,10,10,0,0,0,0,0,0,0,0,7,39,32,0,1,0,0
5,0,1,2,20,142,6,14,0,0,0,0,0,0,0,0,4,17,14,0,5,0,0
4,0,1,0,23,175,0,114,0,0,0,0,0,0,0,0,7,132,231,0,0,0,0
58,4,74,2,299,894,27,554,0,0,0,0,0,0,0,0,7,91,33,0,42,0,0
15,4,26,0,112,849,3,422,0,0,0,0,0,0,0,0,10,174,568,0,6,0,0
8,0,1,3,33,279,84,100,0,0,213,0,0,12,32,0,1,41,59,0,0,3,84
182,65,248,9,461,2298,94,1158,0,0,0,0,0,0,0,0,15,155,293,0,122,0,0
43,0,0,6,98,278,86,68,0,0,39,0,2,60,109,0,0,22,26,0,1,5,83
137,19,97,8,262,1328,67,667,0,0,0,0,0,0,0,0,6,71,168,0,115,0,0
167,155,239,10,331,2168,60,665,0,0,0,0,0,0,0,0,9,64,50,0,134,0,0
0,0,0,0,0,0,0,0,0,0,0,0,0,0,0,0,6,103,39,0,0,0,0
150,50,94,10,336,1475,79,558,0,0,52,0,1,11,43,0,3,23,28,0,66,1,21
4,3,3,1,40,300,31,148,0,0,0,0,0,0,0,0,5,75,173,0,0,0,0
81,0,14,11,308,1241,121,352,0,0,389,0,6,111,175,0,7,153,135,0,31,3,100
44,0,22,2,233,585,21,402,0,0,0,0,0,0,0,0,6,134,123,0,33,0,0
24,10,20,4,110,1205,39,532,0,0,0,0,0,0,0,0,12,250,536,0,6,0,0
203,98,226,11,450,2159,78,898,0,0,0,0,0,0,0,0,13,151,214,0,141,0,0
183,2,5,27,120,721,115,145,0,0,13,0,1,13,9,0,0,0,0,0,3,18,80
716,4528,1541,0,0,0,0,0,0,0,0,0,0,0,0,0,0,0,0,0,716,0,0
72,0,0,19,0,186,62,0,0,0,20,0,2,14,14,0,0,1,1,0,0,11,55
45,0,0,9,108,466,91,70,0,0,69,0,3,63,118,0,1,31,35,0,3,3,57
137,20,86,10,371,1596,132,746,0,0,136,0,2,46,87,0,4,63,128,0,47,3,62
96,2,7,5,230,455,66,323,0,0,28,0,1,18,49,0,3,13,21,0,12,1,49
81,0,5,6,166,296,19,188,0,0,9,0,2,11,17,0,1,3,1,0,1,0,19
20,32,14,5,122,1140,7,299,0,0,0,0,0,0,0,0,11,139,230,0,9,0,0
3,0,0,2,9,211,13,29,0,0,0,0,0,0,0,0,6,78,59,0,1,0,0
88,0,12,3,215,571,58,386,0,0,31,0,0,17,53,0,1,13,11,0,16,3,46
14,0,6,1,113,506,15,210,0,0,0,0,0,0,0,0,8,149,220,0,4,0,0
85,1,19,2,244,729,38,375,0,0,54,0,1,22,97,0,1,19,36,0,25,1,27
83,3,5,16,178,1110,158,188,0,0,208,0,0,68,181,0,2,78,75,0,13,7,110
41,14,49,4,131,1472,36,515,0,0,0,0,0,0,0,0,9,154,401,0,15,0,0
2,0,1,0,47,106,1,116,0,0,0,0,0,0,0,0,2,60,185,0,0,0,0
110,0,5,19,175,553,61,175,0,0,99,0,3,10,10,0,1,3,2,0,5,0,33
0,0,0,0,0,0,0,0,0,0,0,0,0,0,0,0,6,60,112,0,0,0,0
101,2,14,5,236,635,71,364,0,0,9,0,0,13,33,0,2,19,32,0,20,3,30
42,0,1,2,97,270,17,111,0,0,22,0,0,2,9,0,0,4,6,0,0,0,17
152,22,47,18,289,1324,93,599,0,0,43,0,3,17,57,0,4,48,68,0,67,3,42
161,0,5,23,111,676,72,99,0,0,24,0,5,4,3,0,1,2,0,0,1,20,69
107,17,129,7,331,1411,82,897,0,0,0,0,0,0,0,0,12,190,294,0,85,0,0
0,0,0,0,0,0,10,0,0,0,95,0,0,2,19,0,0,9,22,0,0,0,10
8,1,0,5,33,200,31,60,0,0,11,0,0,1,6,0,0,8,54,0,0,3,18
26,0,0,3,48,140,18,36,0,0,21,0,0,23,15,0,0,8,6,0,0,0,16
95,0,5,5,167,658,53,108,0,0,54,0,2,30,20,0,0,12,2,0,5,0,31
4,0,0,3,31,77,24,66,0,0,25,0,0,1,1,0,0,8,10,0,0,3,24
55,0,0,1,14,178,4,35,0,0,0,0,0,0,0,0,0,0,0,0,0,1,4
0,0,0,2,0,0,33,0,0,0,36,0,0,1,12,0,0,3,37,0,0,2,33
58,1,9,8,152,544,71,312,0,0,47,0,0,0,1,0,3,57,24,0,18,3,52
89,9,49,7,283,1055,83,627,0,0,48,0,0,32,46,0,3,62,111,0,33,3,50
126,0,0,13,60,539,56,113,0,0,29,0,0,22,19,0,0,8,1,0,6,7,50
26,2,8,2,106,560,18,290,0,0,0,0,0,0,0,0,5,103,87,0,18,0,0
5,0,1,2,37,252,15,72,0,0,0,0,0,0,0,0,3,65,101,0,2,0,0
71,0,0,1,47,287,8,110,0,0,4,0,0,9,0,0,0,0,0,0,1,0,5
43,55,73,6,191,2057,71,645,0,0,0,0,0,0,0,0,8,129,474,0,25,0,0
181,11,4,13,202,1015,82,198,0,0,155,0,2,42,51,0,1,12,2,0,13,0,62
72,0,3,8,125,419,55,361,0,0,14,0,0,18,4,0,0,31,25,0,12,7,43
1,0,0,0,12,58,0,60,0,0,0,0,0,0,0,0,5,81,79,0,0,0,0
81,0,0,2,39,301,20,89,0,0,17,0,0,9,0,0,0,0,0,0,1,2,19
18,0,3,3,62,507,46,229,0,0,51,0,1,24,95,0,3,102,351,0,0,3,46
2,1,0,2,6,222,25,27,0,0,0,0,0,0,0,0,9,153,99,0,0,0,0
32,5,2,5,121,394,12,266,0,0,2,0,0,2,0,0,1,9,7,0,8,1,5
0,0,0,2,0,0,14,0,0,0,10,0,0,4,6,0,0,17,8,0,0,2,14
114,0,0,9,42,396,27,98,0,0,20,0,0,0,9,0,0,0,0,0,3,7,16
54,8,15,5,155,719,35,351,0,0,0,0,0,0,0,0,8,150,64,0,32,0,0
16,6,13,0,82,881,1,345,0,0,0,0,0,0,0,0,9,143,349,0,2,0,0
0,0,0,3,0,0,12,0,0,0,9,0,0,0,0,0,1,5,1,0,0,3,12
46,86,20,0,0,0,0,0,0,0,0,0,0,0,0,0,0,0,0,0,46,0,0
0,0,0,0,0,0,0,0,0,0,0,0,0,0,0,0,2,13,5,0,0,0,0
0,0,0,0,0,0,0,0,0,0,0,0,0,0,0,0,2,12,8,0,0,0,0
0,0,0,0,0,0,0,0,0,0,0,0,0,0,0,0,0,16,34,0,0,0,0
0,0,0,0,0,0,0,0,0,0,0,0,0,0,0,0,4,39,23,0,0,0,0
14,0,5,0,42,105,0,23,0,0,0,0,0,0,0,0,8,22,9,0,4,0,0
3,0,0,3,7,31,9,6,0,0,0,0,0,0,0,0,4,36,26,0,1,0,0
14,0,13,0,64,49,0,6,0,0,0,0,0,0,0,0,3,3,0,0,7,0,0
24,7,13,4,51,80,0,0,0,0,0,0,0,0,0,0,5,0,0,0,15,0,0
23,4,0,8,80,445,71,86,0,0,0,0,0,0,0,0,8,103,152,0,11,0,0
4,0,1,0,32,135,0,119,0,0,0,0,0,0,0,0,20,377,616,0,0,0,0
48,12,17,9,104,719,45,157,0,0,0,0,0,0,0,0,14,124,84,0,26,0,0
3,0,0,0,55,76,0,43,0,0,0,0,0,0,0,0,5,51,98,0,1,0,0
21,0,0,9,94,246,63,67,0,0,111,0,4,16,0,0,7,34,10,0,3,3,44
36,0,0,11,26,473,53,41,0,0,76,0,0,11,7,0,0,17,11,0,3,5,44
87,96,47,16,164,1332,39,209,0,0,0,0,0,0,0,0,19,115,160,0,47,0,0
21,0,0,9,90,310,62,45,0,0,73,0,3,10,0,0,5,23,66,0,3,3,42
21,11,13,6,95,575,52,244,0,0,0,0,0,0,0,0,14,235,297,0,12,0,0
50,49,17,12,99,1166,162,367,0,0,0,0,0,0,0,0,16,251,399,0,22,0,0
30,21,15,4,73,683,27,225,0,0,0,0,0,0,0,0,11,130,221,0,19,0,0
12,0,1,3,55,148,34,157,0,0,35,0,7,26,16,0,7,91,101,0,0,3,34
4,1,0,2,4,155,17,12,0,0,0,0,0,0,0,0,10,126,108,0,0,0,0
0,0,0,16,0,0,84,0,0,0,53,0,0,16,23,0,2,41,42,0,0,16,84
46,28,45,7,181,946,27,295,0,0,0,0,0,0,0,0,17,153,200,0,18,0,0
33,10,8,12,69,864,160,299,0,0,0,0,0,0,0,0,13,339,708,0,15,0,0
10,4,7,1,125,321,15,270,0,0,0,0,0,0,0,0,10,274,719,0,4,0,0
29,3,2,9,60,547,157,158,0,0,211,0,4,46,95,0,12,182,295,0,1,5,134
225,1384,340,0,0,0,0,0,0,0,0,0,0,0,0,0,0,0,0,0,225,0,0
0,0,0,3,0,0,10,0,0,0,1,0,0,3,0,0,3,41,33,0,0,3,10
29,0,0,18,94,227,86,33,0,0,75,0,0,0,0,0,0,0,0,0,1,18,86
14,3,3,5,47,256,31,96,0,0,0,0,0,0,0,0,12,128,179,0,4,0,0
4,1,0,6,5,164,12,17,0,0,0,0,0,0,0,0,14,157,267,0,0,0,0
29,3,2,9,60,547,157,158,0,0,211,0,4,46,95,0,12,182,295,0,1,5,134
25,1,4,7,78,387,95,211,0,0,131,0,3,56,67,0,7,126,166,0,1,5,81
0,0,0,0,0,0,1,0,0,0,16,0,0,6,11,0,0,0,0,0,0,0,1
1,0,0,1,9,15,5,31,0,0,0,0,0,0,0,0,0,12,36,0,0,0,0
4,0,0,0,9,77,10,20,0,0,0,0,0,1,3,0,0,2,3,0,0,0,6
182,112,266,19,307,991,107,787,0,0,0,0,0,0,0,0,8,100,178,0,149,0,0
16,0,6,3,72,105,18,103,0,0,12,0,0,2,0,0,1,4,34,0,0,3,18
20,0,2,15,144,259,56,182,0,0,50,0,13,103,84,0,6,58,55,0,4,0,12
17,5,6,4,71,201,55,110,0,0,0,0,0,0,0,0,2,15,64,0,10,0,0
9,0,6,2,71,139,9,114,0,0,0,0,0,0,0,0,2,19,48,0,4,0,0
4,0,2,0,52,160,4,27,0,0,0,0,0,0,0,0,1,6,19,0,1,0,0
47,0,1,9,137,384,56,184,0,0,69,0,7,41,55,0,0,9,20,0,2,2,48
0,0,0,0,0,0,7,0,0,0,42,0,0,2,13,0,0,1,10,0,0,0,7
16,3,8,3,83,274,24,174,0,0,0,0,0,0,0,0,3,80,208,0,4,0,0
0,0,0,0,0,0,0,0,0,0,1,0,0,2,1,0,0,0,0,0,0,0,0
0,0,0,0,0,0,8,0,0,0,2,0,0,2,1,0,0,0,0,0,0,0,8
0,0,0,0,0,0,16,0,0,0,67,0,0,3,30,0,0,3,16,0,0,0,16
109,29,23,23,216,928,165,437,0,0,56,0,6,69,85,0,6,67,128,0,39,3,58
6,1,8,0,32,163,9,106,0,0,0,0,0,0,0,0,2,20,4,0,1,0,0
39,3,3,12,147,386,90,157,0,0,90,0,14,107,63,0,6,52,50,0,4,1,46
365,689,597,0,0,0,0,0,0,0,0,0,0,0,0,0,0,0,0,0,365,0,0
7,0,0,0,68,50,0,46,0,0,0,0,0,0,0,0,0,2,3,0,0,0,0
12,0,6,1,87,138,24,111,0,0,79,0,0,13,0,0,0,7,4,0,0,1,24
1,0,0,0,47,9,0,14,0,0,0,0,0,0,0,0,3,21,16,0,0,0,0
91,12,67,12,202,798,87,414,0,0,0,0,0,0,0,0,10,171,227,0,57,0,0
36,0,1,4,118,164,51,112,0,0,63,0,24,43,21,0,5,5,3,0,0,4,51
0,0,0,0,0,0,0,0,0,0,0,0,0,0,0,0,0,0,0,0,0,0,0
6,0,1,1,77,62,35,78,0,0,75,0,0,13,32,0,0,7,75,0,0,1,34
21,0,6,3,124,265,24,226,0,0,0,0,0,0,0,0,2,86,427,0,9,0,0
0,0,0,0,0,0,0,0,0,0,0,0,0,0,0,0,0,0,0,0,0,0,0
9,16,3,9,16,268,45,47,0,0,0,0,0,0,0,0,10,65,41,0,2,0,0
33,42,30,11,76,479,32,158,0,0,0,0,0,0,0,0,11,76,83,0,19,0,0
2,0,0,0,18,46,0,33,0,0,0,0,0,0,0,0,2,12,38,0,0,0,0
36,23,18,11,53,489,43,185,0,0,0,0,0,0,0,0,8,102,154,0,14,0,0
122,596,226,0,0,0,0,0,0,0,0,0,0,0,0,0,0,0,0,0,122,0,0
34,2,4,10,44,282,70,113,0,0,65,0,4,23,13,0,12,52,63,0,4,5,49
2,0,0,0,7,54,9,30,0,0,11,0,0,2,6,0,4,34,61,0,0,0,2
0,0,0,8,0,0,56,0,0,0,38,0,4,36,14,0,7,56,35,0,0,8,56
18,0,0,17,0,137,76,0,0,0,72,0,7,3,0,0,2,7,4,0,0,7,67
2,0,0,0,6,34,0,41,0,0,0,0,0,0,0,0,6,102,274,0,0,0,0
0,0,0,7,0,0,61,0,0,0,97,0,1,19,22,0,2,28,37,0,0,7,61
25,30,36,10,79,782,26,364,0,0,0,0,0,0,0,0,8,118,249,0,12,0,0
32,2,0,17,19,295,75,69,0,0,50,0,2,10,22,0,7,27,76,0,4,5,42
12,0,0,13,10,71,46,31,0,0,29,0,5,8,12,0,3,13,20,0,0,8,41
287,294,320,0,0,0,0,0,0,0,0,0,0,0,0,0,0,0,0,0,287,0,0
105,21,43,17,196,188,78,223,0,0,0,0,0,0,0,0,9,77,111,0,87,0,0
148,52,73,18,253,570,63,262,0,0,0,0,0,0,0,0,11,81,101,0,104,0,0
19,0,0,29,21,95,119,14,0,0,25,0,19,95,4,0,7,36,2,0,1,9,87
17,0,2,3,106,104,23,69,0,0,0,0,0,0,0,0,2,52,34,0,7,0,0
0,0,0,0,0,0,0,0,0,0,0,0,0,0,0,0,1,17,62,0,0,0,0
197,105,130,23,279,1022,63,293,0,0,0,0,0,0,0,0,10,62,52,0,141,0,0
9,0,0,17,35,50,67,24,0,0,11,0,9,86,2,0,13,104,28,0,3,0,7
116,11,32,26,269,526,88,220,0,0,90,0,9,44,24,0,10,42,21,0,46,3,48
15,0,0,17,34,97,84,30,0,0,26,0,10,89,11,0,11,89,30,0,3,1,27
18,0,0,1,87,136,25,73,0,0,0,0,0,0,0,0,2,39,14,0,3,1,18
33,0,0,0,110,160,15,56,0,0,0,0,0,4,0,0,1,15,4,0,1,0,15
52,3,21,8,186,400,25,195,0,0,0,0,0,0,0,0,9,100,130,0,30,0,0
0,0,0,0,0,0,0,0,0,0,0,0,0,0,0,0,0,2,10,0,0,0,0
19,9,8,5,47,600,21,110,0,0,0,0,0,0,0,0,3,38,63,0,19,0,0
0,0,1,0,28,114,0,34,0,0,0,0,0,0,0,0,3,23,22,0,0,0,0
0,0,1,0,10,71,0,39,0,0,0,0,0,0,0,0,2,45,12,0,0,0,0
8,0,2,1,67,82,0,150,0,0,0,0,0,0,0,0,2,86,116,0,8,0,0
3,1,2,0,30,271,1,160,0,0,0,0,0,0,0,0,4,104,339,0,0,0,0
0,0,0,0,0,0,0,0,0,0,0,0,0,0,0,0,9,81,106,0,0,0,0
1,0,2,0,49,107,0,102,0,0,0,0,0,0,0,0,7,62,29,0,1,0,0
0,16,4,7,26,265,25,48,0,0,0,0,0,0,0,0,9,82,38,0,0,0,0
9,16,3,9,16,268,45,47,0,0,0,0,0,0,0,0,10,65,41,0,2,0,0
4,0,0,4,5,76,29,41,0,0,29,0,0,16,10,0,3,65,46,0,0,2,27
0,0,0,0,0,0,0,0,0,0,0,0,0,0,0,0,1,7,0,0,0,0,0
4,0,2,0,64,159,0,179,0,0,0,0,0,0,0,0,8,81,47,0,1,0,0
1,0,0,1,0,56,6,0,0,0,0,0,0,0,0,0,8,50,27,0,0,0,0
0,0,0,0,0,0,0,0,0,0,0,0,0,0,0,0,7,73,60,0,0,0,0
0,0,0,0,0,0,0,0,0,0,0,0,0,0,0,0,9,51,98,0,0,0,0
6,0,0,1,29,94,7,28,0,0,0,0,0,0,0,0,6,36,15,0,3,0,0
2,5,3,6,19,255,61,119,0,0,0,0,0,0,0,0,14,181,487,0,2,0,0
0,0,0,0,0,0,0,0,0,0,0,0,0,0,0,0,0,1,4,0,0,0,0
24,92,37,17,68,1023,102,284,0,0,0,0,0,0,0,0,11,138,126,0,24,0,0
3,3,0,4,2,110,24,22,0,0,0,0,0,0,0,0,10,87,103,0,0,0,0
0,0,0,3,0,0,5,0,0,0,0,0,0,0,0,0,0,0,0,0,0,3,5
0,0,0,7,0,0,90,0,0,0,244,0,9,35,38,0,7,33,26,0,0,7,90
0,0,0,0,0,0,15,0,0,0,13,0,0,2,4,0,1,1,1,0,0,0,15
0,1,0,3,3,74,26,18,0,0,0,0,0,0,0,0,7,107,238,0,0,0,0
0,0,0,3,0,0,32,0,0,0,40,0,1,10,22,0,7,43,47,0,0,3,32
0,0,0,7,0,0,93,0,0,0,186,0,7,34,39,0,5,26,30,0,0,7,93
22,14,9,10,39,324,51,125,0,0,0,0,0,0,0,0,9,98,154,0,13,0,0
0,0,0,0,0,0,0,0,0,0,0,0,0,0,0,0,8,93,205,0,0,0,0
0,0,0,3,0,0,32,0,0,0,32,0,7,8,1,0,3,14,1,0,0,3,32
6,1,0,11,0,203,129,0,0,0,280,0,4,37,83,0,12,80,124,0,0,3,78
0,0,0,3,0,0,54,0,0,0,111,0,1,21,46,0,4,49,77,0,0,3,54
40,0,4,5,229,350,57,128,0,0,0,0,0,0,0,0,1,6,6,0,10,3,46
3,0,0,0,46,92,0,42,0,0,0,0,0,0,0,0,3,33,47,0,1,0,0
15,10,2,7,52,222,6,14,0,0,0,0,0,0,0,0,5,18,5,0,8,0,0
3,0,0,0,34,72,0,12,0,0,0,0,0,0,0,0,9,45,24,0,1,0,0
0,1,0,2,2,133,8,1,0,0,0,0,0,0,0,0,2,26,25,0,0,0,0
0,0,0,0,0,0,0,0,0,0,0,0,0,0,0,0,3,10,2,0,0,0,0
3,0,0,3,4,60,5,10,0,0,0,0,0,0,0,0,7,47,22,0,1,0,0
2,8,0,7,4,209,13,7,0,0,0,0,0,0,0,0,4,23,20,0,2,0,0
0,0,0,1,0,0,5,0,0,0,3,0,0,1,0,0,1,5,1,0,0,1,5
0,0,0,3,0,0,18,0,0,0,23,0,0,1,0,0,2,6,0,0,0,3,18
4,0,0,7,0,51,16,0,0,0,6,0,0,0,0,0,1,13,0,0,0,3,10
0,0,0,0,3,77,0,2,0,0,0,0,0,0,0,0,2,2,9,0,0,0,0
0,0,0,0,0,0,0,0,0,0,0,0,0,0,0,0,0,0,0,0,0,0,0
1,0,0,0,3,29,0,1,0,0,0,0,0,0,0,0,4,9,0,0,0,0,0
218,159,116,28,293,1678,76,295,0,0,0,0,0,0,0,0,17,82,72,0,158,0,0
238,22,0,69,133,784,120,27,0,0,50,0,9,1,0,0,3,2,0,0,13,38,96
0,0,0,0,0,0,0,0,0,0,0,0,0,0,0,0,2,39,79,0,0,0,0
144,33,97,18,251,745,67,322,0,0,0,0,0,0,0,0,6,62,65,0,121,0,0
0,0,0,0,0,0,0,0,0,0,0,0,0,0,0,0,2,8,11,0,0,0,0
71,9,23,9,221,775,46,275,0,0,0,0,0,0,0,0,13,148,202,0,45,0,0
201,67,135,19,303,1271,58,374,0,0,0,0,0,0,0,0,15,81,86,0,147,0,0
69,1,5,14,248,619,79,149,0,0,210,0,8,39,27,0,13,66,14,0,21,3,66
11,8,1,7,9,614,72,43,0,0,0,0,0,0,0,0,9,133,124,0,1,0,0
166,19,51,31,352,1269,91,229,0,0,127,0,6,23,15,0,13,43,23,0,64,3,48
0,0,0,0,0,0,0,0,0,0,0,0,0,0,0,0,2,4,13,0,0,0,0
40,0,4,5,239,246,58,151,0,0,55,0,3,41,41,0,7,38,55,0,10,3,54
0,0,0,0,0,0,0,0,0,0,0,0,0,0,0,0,3,56,152,0,0,0,0
65,0,0,9,30,111,22,10,0,0,12,0,0,0,0,0,0,0,0,0,0,8,22
83,0,3,23,221,466,103,108,0,0,34,0,3,16,2,0,4,6,1,0,11,16,83
73,2,5,16,241,536,91,152,0,0,91,0,5,25,7,0,8,30,20,0,28,3,52
80,14,10,11,172,566,83,218,0,0,0,0,0,0,0,0,7,54,67,0,66,0,0
9,0,0,2,80,204,30,74,0,0,0,0,0,0,0,0,8,121,211,0,3,0,0
6,0,0,0,2,269,5,6,0,0,0,0,0,0,0,0,0,21,39,0,3,0,0
5,0,0,1,1,205,8,7,0,0,0,0,0,0,0,0,0,8,14,0,1,0,2
23,0,4,3,173,287,31,122,0,0,0,0,0,0,0,0,5,38,14,0,16,0,0
55,1,3,12,218,494,72,162,0,0,18,0,4,12,4,0,6,41,15,0,23,1,13
141,0,0,21,120,318,71,30,0,0,42,0,5,3,0,0,0,2,0,0,5,20,68
5,0,0,1,0,107,14,0,0,0,0,0,0,0,0,0,0,8,14,0,0,1,6
6,0,0,7,0,152,91,0,0,0,96,0,1,9,9,0,6,44,58,0,0,3,64
149,0,0,21,109,414,87,17,0,0,67,0,5,2,0,0,0,3,0,0,5,20,84
0,0,0,7,0,0,79,0,0,0,65,0,1,8,0,0,1,30,49,0,0,7,79
192,18,22,55,240,1031,116,132,0,0,56,0,13,15,5,0,6,13,1,0,36,12,67
65,0,3,16,228,361,66,140,0,0,24,0,5,17,1,0,4,22,7,0,11,5,38
111,0,3,27,206,386,90,107,0,0,9,0,1,4,1,0,0,2,1,0,6,26,90
69,0,0,7,179,301,36,74,0,0,6,0,0,8,5,0,0,5,4,0,5,4,33
13,0,0,3,110,135,60,73,0,0,67,0,1,7,6,0,5,30,57,0,1,3,60
167,0,0,19,37,362,24,11,0,0,12,0,0,1,0,0,0,1,0,0,2,2,16
0,0,0,0,0,0,0,0,0,0,0,0,0,0,0,0,1,3,11,0,0,0,0
0,0,0,3,0,0,24,0,0,0,28,0,2,2,0,0,4,38,9,0,0,3,24
27,5,1,26,44,265,136,51,0,0,12,0,6,65,3,0,7,65,7,0,9,1,23
35,1,0,41,20,178,174,17,0,0,27,0,16,67,0,0,7,25,0,0,2,16,111
22,0,0,55,0,84,173,0,0,0,14,0,14,45,0,0,3,5,0,0,0,37,154
35,7,13,15,52,398,133,132,0,0,0,0,0,0,0,0,7,98,38,0,25,0,0
64,2,5,15,225,388,60,163,0,0,37,0,2,24,9,0,6,34,31,0,28,1,22
0,0,0,0,0,0,3,0,0,0,11,0,0,0,1,0,0,2,5,0,0,0,3
0,0,0,0,0,0,11,0,0,0,0,0,0,0,1,0,0,3,7,0,0,0,11
150,18,51,34,291,854,92,262,0,0,49,0,9,22,7,0,11,34,13,0,65,3,34
92,1,4,24,244,418,89,130,0,0,57,0,4,12,0,0,3,16,7,0,15,10,69
0,0,0,4,0,0,17,0,0,0,4,0,0,0,0,0,0,1,1,0,0,4,17
152,28,34,31,337,1003,87,227,0,0,107,0,10,35,15,0,12,47,49,0,56,3,50
5,0,0,0,92,104,0,76,0,0,0,0,0,0,0,0,13,183,282,0,1,0,0
0,0,0,0,0,0,0,0,0,0,0,0,0,0,0,0,5,84,94,0,0,0,0
5,0,0,4,0,146,22,0,0,0,14,0,0,0,0,0,1,32,2,0,0,1,9
0,0,0,0,0,0,0,0,0,0,0,0,0,0,0,0,10,130,33,0,0,0,0
1,0,0,2,0,90,12,0,0,0,0,0,0,0,0,0,5,65,75,0,0,0,0
450,1701,622,0,0,0,0,0,0,0,0,0,0,0,0,0,0,0,0,0,450,0,0
9,5,0,4,4,512,24,24,0,0,0,0,0,0,0,0,5,72,109,0,1,0,0
0,0,0,3,0,0,30,0,0,0,66,0,1,1,0,0,2,11,21,0,0,3,30
0,0,0,85,0,0,159,0,0,0,0,0,0,0,0,0,0,4,0,0,0,85,159
23,0,2,3,173,149,23,100,0,0,0,0,0,0,0,0,3,42,25,0,3,1,23
163,27,46,31,324,930,93,218,0,0,115,0,7,29,15,0,13,41,17,0,61,3,46
2,1,0,4,0,159,31,0,0,0,0,0,0,0,0,0,16,210,168,0,0,0,0
1,0,0,0,26,27,0,54,0,0,0,0,0,0,0,0,6,178,124,0,0,0,0
6,2,1,2,22,253,24,47,0,0,0,0,0,0,0,0,15,190,164,0,0,0,0
0,0,0,0,0,0,0,0,0,0,0,0,0,0,0,0,5,24,21,0,0,0,0
0,0,0,0,0,0,0,0,0,0,0,0,0,0,0,0,2,15,6,0,0,0,0
0,0,0,0,0,0,0,0,0,0,0,0,0,0,0,0,4,45,31,0,0,0,0
2,0,0,2,0,62,6,0,0,0,0,0,0,0,0,0,10,123,107,0,0,0,0
36,638,29,0,0,0,0,0,0,0,0,0,0,0,0,0,0,0,0,0,36,0,0
0,0,0,3,0,0,30,0,0,0,10,0,0,2,15,0,0,51,52,0,0,3,30
1,0,0,0,29,27,0,55,0,0,0,0,0,0,0,0,4,148,102,0,0,0,0
0,0,0,0,0,0,0,0,0,0,0,0,0,0,0,0,3,18,5,0,0,0,0
0,0,0,0,0,0,0,0,0,0,0,0,0,0,0,0,5,82,64,0,0,0,0
2,0,1,0,25,91,0,54,0,0,0,0,0,0,0,0,8,104,98,0,0,0,0
0,0,0,0,0,0,0,0,0,0,0,0,0,0,0,0,9,68,49,0,0,0,0
6,0,0,3,15,121,34,31,0,0,41,0,0,9,14,0,5,85,47,0,0,3,34
7,1,1,2,39,271,16,101,0,0,0,0,0,0,0,0,18,294,245,0,1,0,0
13,13,1,6,20,339,19,30,0,0,0,0,0,0,0,0,15,70,36,0,1,0,0
0,0,0,0,0,0,0,0,0,0,0,0,0,0,0,0,0,1,0,0,0,0,0
4,1,0,2,21,133,14,36,0,0,0,0,0,0,0,0,14,134,79,0,0,0,0
3,2,1,1,23,175,4,58,0,0,0,0,0,0,0,0,6,82,69,0,0,0,0
0,0,0,1,0,0,10,0,0,0,0,0,0,0,8,0,0,10,13,0,0,1,10
0,0,0,3,0,0,48,0,0,0,43,0,0,9,13,0,3,90,84,0,0,3,48
2,0,0,1,0,51,6,0,0,0,0,0,0,0,0,0,6,26,27,0,0,0,0
0,0,0,0,0,0,0,0,0,0,0,0,0,0,0,0,5,5,0,0,0,0,0
0,0,0,3,0,0,12,0,0,0,1,0,0,3,1,0,2,28,28,0,0,3,12
0,0,0,0,0,0,9,0,0,0,11,0,0,0,27,0,0,16,47,0,0,0,9
0,0,0,3,0,0,18,0,0,0,12,0,0,7,4,0,3,56,47,0,0,3,18
0,0,0,0,0,0,0,0,0,0,0,0,0,0,0,0,11,58,47,0,0,0,0
0,0,0,1,0,0,6,0,0,0,0,0,0,0,0,0,0,20,16,0,0,1,6
93,59,78,13,256,1078,97,656,0,0,0,0,0,0,0,0,10,254,352,0,72,0,0
13,2,3,4,35,265,22,75,0,0,7,0,0,0,1,0,2,17,6,0,1,1,8
130,59,86,17,272,1169,170,672,0,0,0,0,0,0,0,0,9,197,326,0,107,0,0
103,15,49,32,300,1002,172,623,0,0,205,0,2,48,39,0,7,121,135,0,55,1,64
18,15,12,4,36,545,12,96,0,0,0,0,0,0,0,0,9,60,47,0,9,0,0
2,0,0,2,0,101,9,0,0,0,0,0,0,0,0,0,14,154,234,0,0,0,0
11,3,0,5,40,311,40,44,0,0,0,0,0,0,0,0,8,108,214,0,3,0,0
87,0,17,16,274,663,121,481,0,0,16,0,6,71,66,0,7,110,208,0,27,3,52
326,1750,406,0,0,0,0,0,0,0,0,0,0,0,0,0,0,0,0,0,326,0,0
0,0,0,0,0,0,0,0,0,0,0,0,0,0,0,0,9,81,106,0,0,0,0
9,8,19,2,108,538,0,296,0,0,0,0,0,0,0,0,16,222,341,0,1,0,0
2,0,0,2,0,86,11,0,0,0,0,0,0,0,0,0,13,151,165,0,0,0,0
89,4,32,17,293,685,130,490,0,0,107,0,8,88,57,0,8,100,127,0,29,3,64
0,0,0,0,0,0,41,0,0,0,78,0,0,11,30,0,0,4,3,0,0,0,41
18,17,9,5,73,480,12,142,0,0,0,0,0,0,0,0,10,103,131,0,2,0,0
91,6,36,14,238,714,101,388,0,0,0,0,0,0,0,0,9,167,315,0,61,0,0
87,0,17,16,274,663,121,481,0,0,16,0,6,71,66,0,7,110,208,0,27,3,52
10,0,5,1,37,291,8,88,0,0,0,0,0,0,0,0,8,64,81,0,5,0,0
72,33,47,11,222,1046,65,320,0,0,0,0,0,0,0,0,17,209,257,0,40,0,0
24,0,6,3,134,438,90,292,0,0,135,0,0,24,47,0,11,200,389,0,0,3,90
84,1,5,23,172,745,100,240,0,0,82,0,1,26,31,0,0,20,36,0,4,13,82
80,0,1,18,78,310,57,104,0,0,30,0,6,10,11,0,0,2,5,0,0,18,57
0,0,0,0,0,0,0,0,0,0,0,0,0,0,0,0,6,63,65,0,0,0,0
0,0,0,0,0,0,0,0,0,0,0,0,0,0,0,0,0,0,0,0,0,0,0
0,0,0,0,0,0,9,0,0,0,74,0,0,3,47,0,0,11,29,0,0,0,9
9,0,0,5,69,147,45,82,0,0,43,0,2,30,71,0,2,47,86,0,1,1,33
7,0,0,2,25,51,19,43,0,0,11,0,0,7,12,0,1,13,9,0,0,2,19
2,0,0,0,5,77,0,29,0,0,0,0,0,0,0,0,8,47,66,0,0,0,0
24,8,12,3,117,769,53,386,0,0,0,0,0,0,0,0,14,302,654,0,8,0,0
0,0,0,0,0,0,0,0,0,0,0,0,0,0,0,0,1,31,160,0,0,0,0
0,0,0,1,0,0,25,0,0,0,48,0,0,0,14,0,0,45,46,0,0,1,25
0,0,0,1,0,0,14,0,0,0,2,0,0,4,7,0,0,9,3,0,0,1,14
13,1,1,3,42,332,29,157,0,0,17,0,0,3,18,0,3,54,89,0,1,1,13
0,0,0,0,0,0,0,0,0,0,0,0,0,0,2,0,0,0,0,0,0,0,0
0,0,0,0,0,0,0,0,0,0,0,0,0,0,0,0,4,56,82,0,0,0,0
2,0,4,1,28,67,4,48,0,0,0,0,0,0,0,0,2,23,24,0,2,0,0
1,0,0,0,10,46,0,49,0,0,0,0,0,0,0,0,5,61,144,0,0,0,0
1,0,0,0,21,25,1,29,0,0,0,0,0,0,0,0,1,25,68,0,1,0,0
0,0,0,1,0,0,33,0,0,0,51,0,0,3,36,0,0,15,46,0,0,1,33
0,0,0,0,0,0,0,0,0,0,0,0,0,0,0,0,1,11,12,0,0,0,0
6,1,21,1,48,125,6,68,0,0,0,0,0,0,0,0,2,26,16,0,6,0,0
3,1,2,3,15,123,8,27,0,0,0,0,0,0,0,0,2,24,25,0,3,0,0
0,0,1,0,22,36,0,12,0,0,0,0,0,0,0,0,4,22,12,0,0,0,0
0,0,0,2,0,0,41,0,0,0,14,0,0,4,2,0,0,33,37,0,0,2,41
0,0,0,1,2,39,20,13,0,0,0,0,0,0,0,0,3,94,83,0,0,0,0
0,0,0,0,0,0,0,0,0,0,0,0,0,0,0,0,1,4,0,0,0,0,0
1,0,0,1,2,19,1,1,0,0,0,0,0,0,0,0,0,1,0,0,1,0,0
0,0,0,0,0,0,0,0,0,0,0,0,0,0,0,0,0,0,0,0,0,0,0
20,6,9,2,73,443,18,178,0,0,0,0,0,0,0,0,11,158,132,0,6,0,0
308,2653,691,0,0,0,0,0,0,0,0,0,0,0,0,0,0,0,0,0,308,0,0
161,247,219,15,261,3232,84,794,0,0,0,0,0,0,0,0,22,205,184,0,93,0,0
2,0,0,1,0,66,33,0,0,0,0,0,0,0,0,0,8,62,24,0,0,0,0
7,0,8,0,45,434,0,141,0,0,0,0,0,0,0,0,6,186,195,0,2,0,0
4,0,1,0,18,118,0,50,0,0,0,0,0,0,0,0,2,39,127,0,0,0,0
0,0,0,0,0,0,0,0,0,0,0,0,0,0,0,0,3,34,80,0,0,0,0
57,67,127,10,202,1557,52,489,0,0,0,0,0,0,0,0,19,165,207,0,35,0,0
13,0,0,0,39,145,7,71,0,0,2,0,0,3,6,0,0,7,9,0,0,0,7
38,0,51,2,183,776,6,736,0,0,0,0,0,0,0,0,7,130,235,0,25,0,0
14,29,2,12,28,696,61,94,0,0,0,0,0,0,0,0,12,107,23,0,5,0,0
101,68,50,18,232,2182,107,497,0,0,170,0,2,27,45,0,10,68,58,0,16,3,58
4,0,2,0,53,143,0,116,0,0,0,0,0,0,0,0,8,123,136,0,1,0,0
0,0,0,0,0,0,0,0,0,0,4,0,0,1,1,0,0,0,0,0,0,0,0
2,0,0,0,4,114,10,7,0,0,0,0,0,0,0,0,13,175,236,0,0,0,0
28,1,0,0,13,617,12,40,0,0,12,0,0,2,14,0,0,3,7,0,0,0,6
4,0,1,2,9,176,24,35,0,0,0,0,0,0,0,0,7,104,129,0,0,0,0
0,0,0,6,0,0,26,0,0,0,16,0,0,8,3,0,0,6,1,0,0,6,26
0,0,0,0,0,0,8,0,0,0,6,0,0,1,3,0,0,0,3,0,0,0,8
5,0,0,5,6,80,37,33,0,0,35,0,0,11,10,0,2,34,19,0,0,3,30
9,4,1,1,19,273,9,54,0,0,0,0,0,0,0,0,5,19,4,0,1,0,0
14,0,6,4,115,323,5,447,0,0,0,0,0,0,0,0,7,194,599,0,8,0,0
0,0,0,0,0,0,2,0,0,0,17,0,0,1,6,0,0,1,0,0,0,0,2
0,0,0,0,0,0,40,0,0,0,24,0,1,15,0,0,1,21,17,0,0,0,40
437,806,708,0,0,0,0,0,0,0,0,0,0,0,0,0,0,0,0,0,437,0,0
2,0,0,0,6,21,0,45,0,0,0,0,0,0,0,0,1,15,36,0,0,0,0
188,97,105,17,322,1252,119,448,0,0,68,0,2,36,38,0,5,72,59,0,50,5,60
195,8,154,7,486,1860,86,879,0,0,183,0,3,39,85,0,6,50,101,0,48,5,79
203,121,377,11,386,1309,46,624,0,0,0,0,0,0,0,0,8,70,81,0,131,0,0
28,7,9,1,132,158,3,242,0,0,0,0,0,0,0,0,6,132,121,0,12,0,0
0,0,0,0,0,0,0,0,0,0,0,0,0,0,0,0,1,50,380,0,0,0,0
20,0,0,1,52,150,48,34,0,0,82,0,0,26,30,0,0,18,14,0,0,0,46
47,1,30,1,195,180,20,288,0,0,0,0,0,0,0,0,6,101,39,0,35,0,0
2,1,0,1,22,110,4,39,0,0,0,0,0,0,0,0,2,49,57,0,0,0,0
84,0,6,1,190,468,76,242,0,0,116,0,3,57,89,0,1,26,12,0,4,0,72
38,0,51,6,147,417,27,411,0,0,0,0,0,0,0,0,8,115,280,0,14,0,0
0,0,0,0,0,0,0,0,0,0,0,0,0,0,0,0,0,15,14,0,0,0,0
97,0,202,10,309,621,63,581,0,0,0,0,0,0,0,0,8,161,209,0,73,0,0
4,5,1,3,30,369,2,112,0,0,0,0,0,0,0,0,6,79,98,0,0,0,0
85,101,190,13,267,2087,102,825,0,0,0,0,0,0,0,0,24,180,278,0,58,0,0
43,51,25,13,89,1228,77,385,0,0,0,0,0,0,0,0,19,232,139,0,15,0,0
499,4161,1662,0,0,0,0,0,0,0,0,0,0,0,0,0,0,0,0,0,499,0,0
24,35,32,8,95,1108,131,452,0,0,0,0,0,0,0,0,9,201,569,0,11,0,0
2,0,1,0,23,133,0,100,0,0,0,0,0,0,0,0,6,179,256,0,0,0,0
3,2,1,2,20,303,47,87,0,0,0,0,0,0,0,0,7,229,478,0,0,0,0
37,0,14,3,170,563,88,323,0,0,174,0,9,20,30,0,14,83,105,0,1,3,88
0,0,0,0,0,0,1,0,0,0,2,0,0,3,0,0,0,3,2,0,0,0,1
49,0,85,1,244,1019,1,1167,0,0,0,0,0,0,0,0,6,173,419,0,33,0,0
0,0,0,0,0,0,14,0,0,0,20,0,0,9,5,0,0,3,4,0,0,0,14
4,0,6,0,75,277,0,208,0,0,0,0,0,0,0,0,10,295,306,0,0,0,0
4,0,1,0,26,164,0,72,0,0,0,0,0,0,0,0,7,138,98,0,0,0,0
12,17,16,4,87,826,83,350,0,0,0,0,0,0,0,0,11,298,413,0,3,0,0
16,24,26,5,108,1309,101,402,0,0,0,0,0,0,0,0,13,330,664,0,5,0,0
0,0,0,0,0,0,0,0,0,0,0,0,0,0,0,0,2,47,157,0,0,0,0
8,0,0,2,33,76,29,89,0,0,28,0,0,11,27,0,1,27,56,0,0,2,29
4,0,2,3,20,247,19,125,0,0,0,0,0,0,0,0,13,194,246,0,1,0,0
24,0,20,3,172,510,7,838,0,0,0,0,0,0,0,0,6,236,801,0,15,0,0
0,0,0,0,0,0,27,0,0,0,97,0,0,23,72,0,3,31,76,0,0,0,27
0,0,0,0,0,0,0,0,0,0,0,0,0,0,0,0,0,0,0,0,0,0,0
5,0,5,0,89,204,0,223,0,0,0,0,0,0,0,0,11,156,144,0,1,0,0
0,0,0,10,0,0,150,0,0,0,291,0,0,33,107,0,2,48,60,0,0,10,150
3,0,0,6,0,122,97,0,0,0,184,0,2,51,146,0,4,119,246,0,0,1,42
29,3,2,9,60,547,157,158,0,0,211,0,4,46,95,0,12,182,295,0,1,5,134
15,1,2,3,66,512,52,238,0,0,68,0,1,32,102,0,3,115,367,0,0,3,52
1,0,0,0,21,47,0,68,0,0,0,0,0,0,0,0,2,73,272,0,0,0,0
2,0,0,0,25,79,1,42,0,0,0,0,0,0,1,0,0,12,25,0,0,0,1
0,0,0,0,0,0,0,0,0,0,0,0,0,0,0,0,0,0,0,0,0,0,0
0,0,0,0,0,0,0,0,0,0,0,0,0,0,0,0,4,25,6,0,0,0,0
1,0,0,1,0,82,1,0,0,0,0,0,0,0,0,0,3,62,1,0,0,0,0
93,0,0,17,52,318,93,34,0,0,24,0,2,35,30,0,0,5,1,0,1,12,86
175,198,292,13,299,1219,94,463,0,0,0,0,0,0,0,0,8,67,42,0,139,0,0
38,0,26,7,57,475,40,301,0,0,0,0,0,0,0,0,4,49,74,0,18,0,0
0,0,0,1,0,0,1,0,0,0,0,0,0,0,0,0,0,1,0,0,0,1,1
46,2,0,3,66,233,71,104,0,0,203,0,0,27,37,0,0,11,5,0,1,2,70
31,4,7,13,49,401,92,142,0,0,31,0,3,37,13,0,1,25,6,0,10,1,31
39,11,16,9,61,401,108,268,0,0,0,0,0,0,0,0,2,26,4,0,28,0,0
498,1470,1111,0,0,0,0,0,0,0,0,0,0,0,0,0,0,0,0,0,498,0,0
17,0,0,17,0,129,83,0,0,0,98,0,2,9,18,0,0,4,18,0,0,10,79
35,4,6,10,74,340,72,167,0,0,44,0,4,35,33,0,2,23,4,0,5,2,37
41,2,3,18,28,347,100,68,0,0,57,0,5,26,15,0,1,19,6,0,1,9,88
203,121,377,11,386,1309,46,624,0,0,0,0,0,0,0,0,8,70,81,0,131,0,0
94,16,5,19,87,718,125,121,0,0,194,0,3,39,37,0,0,17,15,0,6,7,87
0,0,0,0,0,0,15,0,0,0,26,0,0,3,2,0,0,0,0,0,0,0,15
2,1,0,1,28,150,0,55,0,0,0,0,0,0,0,0,5,114,207,0,0,0,0
0,0,0,25,0,0,54,0,0,0,15,0,0,1,0,0,0,2,0,0,0,25,54
14,0,0,18,0,91,61,0,0,0,15,0,4,9,4,0,0,0,2,0,0,8,32
23,9,13,2,108,302,20,306,0,0,0,0,0,0,0,0,4,96,75,0,14,0,0
17,0,0,17,0,129,83,0,0,0,98,0,2,9,18,0,0,4,18,0,0,10,79
12,0,1,5,35,179,58,76,0,0,69,0,0,24,64,0,2,35,31,0,0,3,56
0,0,0,9,0,0,41,0,0,0,15,0,0,3,1,0,0,1,0,0,0,9,41
25,0,5,8,48,278,61,144,0,0,40,0,2,27,21,0,2,10,7,0,5,1,23
15,0,0,11,0,139,47,0,0,0,17,0,1,6,4,0,0,4,4,0,0,3,26
0,0,0,0,0,0,11,0,0,0,4,0,3,10,10,0,0,2,0,0,0,0,11
28,0,16,1,147,176,11,329,0,0,0,0,0,0,0,0,6,144,127,0,12,0,0
0,0,0,0,0,0,0,0,0,0,0,0,0,2,0,0,0,0,0,0,0,0,0
30,4,21,1,178,233,35,323,0,0,0,0,0,0,0,0,5,99,136,0,20,0,0
19,0,6,3,129,169,43,171,0,0,14,0,0,32,74,0,2,79,93,0,4,1,34
33,2,3,13,37,313,82,82,0,0,19,0,2,18,11,0,1,5,4,0,1,6,61
23,5,16,4,102,596,42,256,0,0,0,0,0,0,0,0,6,128,94,0,7,0,0
71,17,25,13,126,787,90,233,0,0,200,0,2,42,43,0,2,38,17,0,23,1,36
1,0,0,0,28,13,0,51,0,0,0,0,0,0,0,0,2,50,93,0,0,0,0
1,0,0,0,7,64,0,34,0,0,0,0,0,0,0,0,4,146,161,0,0,0,0
0,0,0,0,0,0,0,0,0,0,0,0,0,0,0,0,1,25,151,0,0,0,0
11,0,4,2,36,176,35,75,0,0,0,0,0,0,0,0,1,18,1,0,11,0,0
33,29,29,12,84,491,48,210,0,0,0,0,0,0,0,0,17,123,165,0,20,0,0
25,5,0,19,23,395,120,70,0,0,97,0,3,20,21,0,6,63,59,0,5,3,44
131,475,214,0,0,0,0,0,0,0,0,0,0,0,0,0,0,0,0,0,131,0,0
17,2,1,6,31,322,19,87,0,0,0,0,0,0,0,0,10,89,175,0,7,0,0
17,0,0,15,14,211,67,24,0,0,121,0,13,29,8,0,8,28,16,0,1,3,54
45,51,57,13,87,715,44,314,0,0,0,0,0,0,0,0,12,110,163,0,28,0,0
26,33,32,13,78,743,64,324,0,0,0,0,0,0,0,0,15,200,289,0,13,0,0
0,0,0,1,0,0,39,0,0,0,139,0,1,7,34,0,4,54,76,0,0,1,39
10,0,0,17,0,95,106,0,0,0,122,0,11,35,15,0,5,29,22,0,0,7,82
33,11,5,17,47,482,95,131,0,0,115,0,7,24,39,0,10,54,94,0,5,3,48
13,0,2,7,26,80,27,72,0,0,2,0,1,9,8,0,3,47,76,0,1,1,10
47,18,3,23,35,418,106,85,0,0,21,0,3,11,0,0,5,29,5,0,7,3,24
39,5,21,9,48,202,32,99,0,0,0,0,0,0,0,0,6,46,36,0,19,0,0
4,1,0,3,4,75,17,15,0,0,0,0,0,0,0,0,10,133,147,0,0,0,0
3,0,0,1,15,89,1,44,0,0,0,0,0,0,0,0,6,113,239,0,1,0,0
22,2,3,5,27,154,35,79,0,0,0,0,0,0,0,0,6,79,121,0,10,0,0
15,0,0,13,0,63,49,0,0,0,20,0,5,8,2,0,2,3,0,0,0,4,30
15,13,17,8,47,530,60,225,0,0,0,0,0,0,0,0,4,121,219,0,15,0,0
2,0,0,3,0,68,5,0,0,0,0,0,0,0,0,0,0,0,0,0,0,0,0
0,0,0,5,0,0,39,0,0,0,29,0,4,10,12,0,1,21,21,0,0,5,39
16,0,2,9,29,224,59,100,0,0,10,0,2,13,10,0,8,46,87,0,4,1,12
16,60,44,8,84,548,28,260,0,0,0,0,0,0,0,0,10,57,70,0,16,0,0
0,0,0,9,0,0,66,0,0,0,73,0,6,18,14,0,3,6,10,0,0,9,66
4,1,0,8,0,134,64,0,0,0,58,0,0,18,21,0,5,35,67,0,0,1,21
0,0,0,0,0,0,1,0,0,0,3,0,0,3,2,0,1,10,9,0,0,0,1
23,10,22,7,43,133,15,92,0,0,0,0,0,0,0,0,6,28,35,0,13,0,0
0,0,0,13,0,0,16,0,0,0,0,0,0,0,0,0,0,0,0,0,0,13,16
17,6,13,5,36,244,7,52,0,0,0,0,0,0,0,0,3,23,12,0,9,0,0
1,0,0,0,1,42,0,1,0,0,0,0,0,0,0,0,0,4,7,0,0,0,0
0,0,0,0,0,0,0,0,0,0,0,0,0,0,0,0,1,10,1,0,0,0,0
8,0,0,5,8,57,22,4,0,0,6,0,0,7,6,0,0,7,4,0,0,5,22
3,0,3,0,21,57,0,24,0,0,0,0,0,0,0,0,2,18,4,0,0,0,0
0,0,0,0,0,0,0,0,0,0,0,0,0,0,0,0,0,0,0,0,0,0,0
1,0,0,0,8,26,0,21,0,0,0,0,0,0,0,0,0,43,148,0,0,0,0
12,10,6,4,26,163,18,55,0,0,0,0,0,0,0,0,3,44,46,0,5,0,0
0,0,0,0,0,0,0,0,0,0,0,0,0,0,0,0,0,0,0,0,0,0,0
82,284,98,0,0,0,0,0,0,0,0,0,0,0,0,0,0,0,0,0,82,0,0
0,0,0,0,0,0,0,0,0,0,13,0,0,0,0,0,0,0,0,0,0,0,0
20,0,1,3,6,173,34,51,0,0,41,0,1,17,13,0,1,2,3,0,0,3,34
0,0,0,0,0,0,0,0,0,0,0,0,0,0,0,0,0,3,0,0,0,0,0
0,0,0,5,0,0,47,0,0,0,50,0,1,8,11,0,1,11,23,0,0,5,47
11,12,13,4,36,116,16,62,0,0,0,0,0,0,0,0,2,20,29,0,11,0,0
7,2,6,5,36,80,17,48,0,0,0,0,0,0,0,0,4,35,27,0,7,0,0
0,0,0,0,0,0,0,0,0,0,0,0,0,0,0,0,8,85,15,0,0,0,0
0,0,0,0,0,0,0,0,0,0,0,0,0,0,0,0,9,104,23,0,0,0,0
6,164,1,0,0,0,0,0,0,0,0,0,0,0,0,0,0,0,0,0,6,0,0
0,0,0,0,0,0,0,0,0,0,0,0,0,0,0,0,6,69,13,0,0,0,0
0,0,0,0,0,0,0,0,0,0,0,0,0,0,0,0,5,24,4,0,0,0,0
0,0,0,0,0,0,0,0,0,0,0,0,0,0,0,0,5,28,3,0,0,0,0
2,0,0,1,0,58,11,0,0,0,0,0,0,0,0,0,8,93,11,0,0,0,0
2,0,0,2,0,67,12,0,0,0,0,0,0,0,0,0,10,116,12,0,0,0,0
0,0,0,0,0,0,0,0,0,0,0,0,0,0,0,0,2,38,1,0,0,0,0
0,0,0,0,0,0,0,0,0,0,0,0,0,0,0,0,0,5,0,0,0,0,0
0,0,0,1,0,0,21,0,0,0,2,0,1,7,0,0,3,41,0,0,0,1,21
2,1,0,3,0,62,21,0,0,0,0,0,0,0,0,0,5,57,0,0,0,0,0
0,0,0,0,0,0,0,0,0,0,0,0,0,0,0,0,4,44,6,0,0,0,0
0,0,0,0,0,0,0,0,0,0,0,0,0,0,0,0,9,34,3,0,0,0,0
0,0,0,0,0,0,0,0,0,0,0,0,0,0,0,0,1,3,0,0,0,0,0
6,0,3,0,34,214,0,121,0,0,0,0,0,0,0,0,1,95,250,0,0,0,0
28,60,64,0,0,0,0,0,0,0,0,0,0,0,0,0,0,0,0,0,28,0,0
0,0,0,0,0,0,1,0,0,0,4,0,0,0,2,0,0,2,4,0,0,0,1
2,0,1,1,26,76,17,39,0,0,0,0,0,0,0,0,1,34,87,0,2,0,0
0,0,0,0,0,0,0,0,0,0,0,0,0,0,0,0,0,0,0,0,0,0,0
16,0,1,9,21,150,31,15,0,0,32,0,0,2,4,0,1,8,1,0,0,6,30
7,2,6,4,33,115,4,42,0,0,0,0,0,0,0,0,4,31,19,0,7,0,0
5,0,1,2,16,140,6,24,0,0,0,0,0,0,0,0,2,25,25,0,5,0,0
6,0,0,5,10,38,17,15,0,0,1,0,0,4,4,0,2,8,6,0,0,2,15
5,2,3,0,35,84,0,53,0,0,0,0,0,0,0,0,5,38,55,0,1,0,0
24,54,27,11,68,857,85,314,0,0,0,0,0,0,0,0,7,103,177,0,24,0,0
32,12,5,14,51,541,86,166,0,0,76,0,1,13,17,0,6,44,65,0,4,3,36
23,1,6,7,51,429,65,117,0,0,187,0,6,24,24,0,10,55,47,0,3,3,56
0,0,0,3,0,0,30,0,0,0,29,0,2,15,13,0,6,48,40,0,0,3,30
0,0,0,0,14,25,0,23,0,0,0,0,0,0,0,0,2,25,21,0,0,0,0
5,0,0,3,0,89,30,0,0,0,8,0,0,0,2,0,0,4,5,0,0,1,7
15,3,10,4,79,290,35,159,0,0,0,0,0,0,0,0,14,145,122,0,8,0,0
0,0,0,2,0,0,27,0,0,0,6,0,0,0,2,0,0,1,1,0,0,2,27
12,6,2,4,31,230,14,46,0,0,0,0,0,0,0,0,12,73,73,0,2,0,0
12,0,1,4,37,141,38,103,0,0,28,0,1,8,15,0,6,49,36,0,0,3,26
0,0,0,0,0,0,0,0,0,0,0,0,0,0,0,0,7,74,70,0,0,0,0
2,0,0,2,0,84,5,0,0,0,0,0,0,0,0,0,13,178,177,0,0,0,0
32,1,7,3,111,527,88,240,0,0,119,0,2,28,10,0,14,83,56,0,2,3,86
0,0,0,0,0,0,2,0,0,0,1,0,0,3,2,0,0,13,5,0,0,0,2
74,369,53,0,0,0,0,0,0,0,0,0,0,0,0,0,0,0,0,0,74,0,0
2,0,1,0,14,62,0,28,0,0,0,0,0,0,0,0,5,91,73,0,0,0,0
0,0,0,2,0,0,37,0,0,0,46,0,0,7,12,0,0,10,6,0,0,2,37
0,0,0,3,0,0,22,0,0,0,8,0,0,1,19,0,0,57,72,0,0,3,22
3,0,0,0,20,76,3,33,0,0,0,0,0,0,0,0,2,27,33,0,1,0,0
3,0,0,0,40,34,0,30,0,0,0,0,0,0,0,0,8,65,48,0,1,0,0
9,0,0,1,56,110,8,112,0,0,1,0,0,3,2,0,3,16,10,0,1,1,8
24,1,10,3,95,425,57,323,0,0,0,0,0,0,0,0,13,197,242,0,10,0,0
0,0,1,0,23,25,0,40,0,0,0,0,0,0,0,0,2,28,57,0,0,0,0
5,2,3,2,39,217,15,99,0,0,0,0,0,0,0,0,5,90,100,0,1,0,0
0,0,0,0,0,0,0,0,0,0,0,0,0,0,0,0,3,13,16,0,0,0,0
2,8,5,1,49,395,15,128,0,0,0,0,0,0,0,0,6,125,77,0,2,0,0
0,0,0,0,6,21,0,16,0,0,0,0,0,0,0,0,3,24,44,0,0,0,0
0,0,0,0,10,12,0,22,0,0,0,0,0,0,0,0,1,36,60,0,0,0,0
0,0,0,0,2,47,0,3,0,0,0,0,0,0,0,0,3,18,17,0,0,0,0
0,0,0,0,8,10,0,11,0,0,0,0,0,0,0,0,0,8,3,0,0,0,0
0,2,1,0,12,81,1,38,0,0,0,0,0,0,0,0,1,58,52,0,0,0,0
0,0,0,0,0,0,0,0,0,0,0,0,0,0,0,0,0,0,0,0,0,0,0
0,0,0,0,0,0,3,0,0,0,2,0,0,1,2,0,0,2,0,0,0,0,3
0,0,0,1,1,23,5,8,0,0,0,0,0,0,0,0,0,20,51,0,0,0,0
10,15,3,7,22,190,17,23,0,0,0,0,0,0,0,0,7,36,10,0,3,0,0
7,8,0,5,10,339,15,11,0,0,0,0,0,0,0,0,3,31,31,0,2,0,0
5,1,0,3,11,215,26,18,0,0,0,0,0,0,0,0,4,31,82,0,2,0,0
4,0,0,2,14,65,29,16,0,0,10,0,1,2,0,0,3,15,23,0,0,2,27
4,0,0,4,13,31,19,9,0,0,15,0,1,2,2,0,3,14,7,0,0,3,18
0,0,0,2,0,0,9,0,0,0,5,0,0,0,0,0,1,0,1,0,0,2,9
0,0,0,0,0,0,0,0,0,0,0,0,0,0,0,0,5,38,27,0,0,0,0
0,0,1,2,15,2,2,5,0,0,0,0,0,0,0,0,1,5,0,0,0,0,0
3,0,3,2,28,8,5,5,0,0,0,0,0,0,0,0,2,6,0,0,3,0,0
7,0,3,2,35,62,5,12,0,0,0,0,0,0,0,0,2,6,0,0,3,0,0
1,0,0,0,2,58,0,1,0,0,0,0,0,0,0,0,3,2,0,0,0,0,0
0,0,0,0,0,0,0,0,0,0,0,0,0,0,0,0,3,4,0,0,0,0,0
0,0,0,0,0,0,0,0,0,0,0,0,0,0,0,0,1,8,3,0,0,0,0
0,0,0,0,0,0,0,0,0,0,0,0,0,0,0,0,1,8,8,0,0,0,0
2,26,0,0,0,0,0,0,0,0,0,0,0,0,0,0,0,0,0,0,2,0,0
0,0,0,0,0,0,0,0,0,0,0,0,0,0,0,0,2,3,1,0,0,0,0
8,24,59,2,159,735,4,248,0,0,0,0,0,0,0,0,6,49,24,0,8,0,0
2,0,1,0,26,135,1,88,0,0,0,0,0,0,0,0,11,199,293,0,0,0,0
48,1,32,0,151,1135,11,387,0,0,8,0,0,4,11,0,0,9,5,0,3,0,10
8,0,13,0,65,604,0,279,0,0,0,0,0,0,0,0,11,262,533,0,2,0,0
34,2,41,4,173,895,38,302,0,0,6,0,0,11,15,0,1,53,42,0,12,1,14
32,46,153,5,229,2204,50,636,0,0,0,0,0,0,0,0,8,146,342,0,32,0,0
0,0,0,0,0,0,17,0,0,0,0,0,0,5,10,0,0,2,2,0,0,0,17
21,0,4,5,56,347,60,137,0,0,0,0,0,0,0,0,0,1,0,0,6,3,32
6,0,0,0,13,185,13,35,0,0,80,0,0,8,24,0,1,16,29,0,0,0,13
10,6,20,1,104,479,13,204,0,0,0,0,0,0,0,0,7,79,61,0,10,0,0
0,0,0,0,0,0,6,0,0,0,0,0,0,2,2,0,0,0,0,0,0,0,6
32,0,1,0,17,459,27,48,0,0,0,0,0,3,8,0,0,3,2,0,0,0,21
0,0,0,0,0,0,5,0,0,0,4,0,1,2,0,0,0,0,0,0,0,0,5
26,0,0,0,13,94,15,7,0,0,9,0,3,4,0,0,1,1,0,0,0,0,15
0,0,0,0,0,0,0,0,0,0,0,0,0,0,0,0,1,4,0,0,0,0,0
40,0,1,0,24,410,28,76,0,0,19,0,0,4,20,0,0,8,4,0,0,0,24
0,0,0,0,0,0,0,0,0,0,0,0,0,0,0,0,2,22,12,0,0,0,0
0,0,0,0,0,0,21,0,0,0,51,0,1,2,9,0,0,3,1,0,0,0,21
21,2,2,9,52,420,38,51,0,0,24,0,2,12,6,0,3,28,30,0,6,1,14
0,0,0,0,0,0,10,0,0,0,43,0,1,2,0,0,0,0,0,0,0,0,10
10,0,0,2,42,279,11,39,0,0,1,0,0,5,2,0,1,12,13,0,6,0,1
14,0,6,4,80,280,20,122,0,0,5,0,1,4,13,0,0,29,12,0,4,1,10
24,3,3,3,74,239,25,103,0,0,13,0,1,4,7,0,0,19,8,0,0,3,25
15,0,0,2,40,221,21,38,0,0,15,0,0,10,8,0,0,4,5,0,3,0,7
15,0,0,2,39,155,18,27,0,0,18,0,0,10,6,0,0,3,2,0,1,2,17
44,47,140,5,207,1534,18,370,0,0,0,0,0,0,0,0,12,94,95,0,44,0,0
12,0,0,7,43,200,25,40,0,0,1,0,0,7,3,0,0,7,10,0,3,1,8
14,6,8,4,66,391,28,169,0,0,0,0,0,0,0,0,3,48,35,0,7,0,0
0,0,0,3,0,0,120,0,0,0,482,0,2,84,196,0,7,151,276,0,0,3,120
34,0,26,3,140,1361,105,264,0,0,579,0,0,33,143,0,2,87,103,0,2,3,102
0,0,0,0,0,0,0,0,0,0,0,0,0,0,0,0,0,0,0,0,0,0,0
0,0,0,0,9,52,0,44,0,0,0,0,0,0,0,0,3,58,145,0,0,0,0
0,0,0,0,0,0,0,0,0,0,0,0,0,0,0,0,6,92,132,0,0,0,0
24,37,17,5,45,900,21,95,0,0,0,0,0,0,0,0,4,50,18,0,24,0,0
4,0,0,0,28,76,5,12,0,0,19,0,1,13,9,0,0,5,1,0,0,0,5
11,0,4,2,48,279,35,134,0,0,0,0,0,0,0,0,1,22,12,0,11,0,0
0,0,0,0,0,0,0,0,0,0,0,0,0,0,0,0,0,0,0,0,0,0,0
23,0,43,0,115,460,8,297,0,0,0,0,0,0,0,0,3,16,26,0,12,0,0
0,0,0,1,0,0,18,0,0,0,14,0,0,1,6,0,0,5,6,0,0,1,18
12,2,31,0,89,693,1,324,0,0,0,0,0,0,0,0,7,116,145,0,3,0,0
4,1,0,2,3,192,23,14,0,0,26,0,0,0,4,0,0,13,7,0,0,1,13
2,0,0,2,0,86,8,0,0,0,0,0,0,0,0,0,3,18,9,0,0,0,0
40,569,21,0,0,0,0,0,0,0,0,0,0,0,0,0,0,0,0,0,40,0,0
2,0,0,2,0,75,8,0,0,0,0,0,0,0,0,0,4,17,11,0,0,0,0
0,0,0,0,0,0,0,0,0,0,0,0,0,0,0,0,1,2,0,0,0,0,0
0,0,0,0,0,0,0,0,0,0,0,0,0,0,0,0,1,2,1,0,0,0,0
0,0,0,0,0,0,0,0,0,0,0,0,0,0,0,0,1,6,0,0,0,0,0
0,0,0,3,0,0,16,0,0,0,0,0,0,0,0,0,0,0,0,0,0,3,16
6,9,0,6,3,196,15,5,0,0,0,0,0,0,0,0,4,16,12,0,1,0,0
5,0,0,0,44,112,0,38,0,0,0,0,0,0,0,0,6,17,24,0,1,0,0
0,0,0,0,0,0,2,0,0,0,1,0,1,0,0,0,2,3,0,0,0,0,2
2,1,0,1,0,96,7,0,0,0,0,0,0,0,0,0,4,16,13,0,0,0,0
0,0,0,1,0,0,7,0,0,0,6,0,1,1,1,0,4,5,8,0,0,1,7
9,0,0,1,84,149,15,33,0,0,0,0,0,0,0,0,6,94,52,0,3,0,0
0,0,0,0,0,0,0,0,0,0,0,0,0,0,0,0,4,14,0,0,0,0,0
9,5,0,3,32,172,8,9,0,0,0,0,0,0,0,0,9,37,7,0,1,0,0
9,0,0,0,82,144,4,79,0,0,0,0,0,0,0,0,9,97,52,0,3,0,0
0,0,0,1,0,0,10,0,0,0,14,0,5,1,0,0,5,6,1,0,0,1,10
4,0,0,4,0,82,20,0,0,0,16,0,1,2,0,0,2,4,1,0,0,3,16
0,0,0,0,0,0,0,0,0,0,0,0,0,0,0,0,1,10,14,0,0,0,0
4,2,0,4,2,206,11,11,0,0,0,0,0,0,0,0,5,31,23,0,1,0,0
0,0,0,0,0,0,0,0,0,0,0,0,0,0,0,0,5,30,23,0,0,0,0
1,0,0,2,0,55,6,0,0,0,0,0,0,0,0,0,8,39,32,0,0,0,0
11,0,0,1,102,103,16,53,0,0,5,0,0,7,2,0,5,33,19,0,1,1,16
0,0,0,3,0,0,12,0,0,0,5,0,0,1,2,0,2,5,3,0,0,3,12
14,0,0,1,63,180,22,62,0,0,0,0,0,0,0,0,10,74,23,0,6,0,0
0,0,0,0,0,0,0,0,0,0,0,0,0,0,0,0,7,61,30,0,0,0,0
1,0,0,2,0,43,4,0,0,0,0,0,0,0,0,0,1,0,0,0,0,0,0
0,0,0,0,0,0,0,0,0,0,0,0,0,0,0,0,3,3,0,0,0,0,0
0,0,0,0,0,0,0,0,0,0,0,0,0,0,0,0,3,5,0,0,0,0,0
1,0,0,2,0,21,0,0,0,0,0,0,0,0,0,0,2,0,0,0,0,0,0
9,0,0,4,68,90,7,47,0,0,0,0,0,0,0,0,3,78,33,0,5,0,0
0,0,0,0,0,0,0,0,0,0,0,0,0,0,0,0,2,9,2,0,0,0,0
54,352,28,0,0,0,0,0,0,0,0,0,0,0,0,0,0,0,0,0,54,0,0
11,0,0,4,105,59,9,50,0,0,3,0,0,3,0,0,0,24,14,0,2,1,7
0,0,0,0,0,0,0,0,0,0,0,0,0,0,0,0,2,22,0,0,0,0,0
2,1,0,4,0,76,10,0,0,0,0,0,0,0,0,0,3,14,18,0,0,0,0
0,0,0,3,0,0,16,0,0,0,16,0,3,0,0,0,3,2,2,0,0,3,16
4,1,0,4,4,63,6,7,0,0,0,0,0,0,0,0,6,39,17,0,0,0,0
0,0,0,3,0,0,14,0,0,0,1,0,0,1,4,0,1,20,14,0,0,3,14
0,0,0,0,0,0,0,0,0,0,0,0,0,0,0,0,4,12,12,0,0,0,0
3,0,0,3,4,85,8,10,0,0,0,0,0,0,0,0,6,26,34,0,1,0,0
0,0,0,7,0,0,9,0,0,0,0,0,0,0,0,0,0,8,0,0,0,7,9
0,0,0,3,0,0,8,0,0,0,2,0,3,0,0,0,2,6,0,0,0,3,8
2,1,0,3,0,61,8,0,0,0,0,0,0,0,0,0,2,6,6,0,0,0,0
0,0,0,0,0,0,0,0,0,0,0,0,0,0,0,0,4,90,26,0,0,0,0
0,0,0,0,0,0,0,0,0,0,0,0,0,0,0,0,1,5,2,0,0,0,0
0,0,0,1,0,0,8,0,0,0,8,0,3,0,0,0,4,4,0,0,0,1,8
0,0,0,0,4,13,0,3,0,0,0,0,0,0,0,0,0,4,1,0,0,0,0
0,1,0,1,6,29,5,7,0,0,0,0,0,0,0,0,0,2,0,0,0,0,0
0,0,0,1,0,0,6,0,0,0,1,0,0,1,3,0,0,5,5,0,0,1,6
0,0,1,0,26,38,2,22,0,0,0,0,0,0,0,0,1,10,9,0,0,0,0
0,0,0,1,0,62,2,0,0,0,0,0,0,0,0,0,1,15,48,0,0,0,0
5,0,0,3,32,92,86,73,0,0,162,0,2,62,126,0,3,95,303,0,0,3,86
3,0,0,2,22,138,43,61,0,0,0,0,0,0,0,0,12,283,704,0,1,0,0
2,3,10,1,58,247,3,147,0,0,0,0,0,0,0,0,4,84,88,0,2,0,0
4,0,1,1,31,68,6,67,0,0,4,0,0,0,5,0,1,4,0,0,0,1,6
0,0,0,0,0,0,0,0,0,0,0,0,0,0,0,0,5,23,42,0,0,0,0
25,0,1,6,38,394,38,97,0,0,45,0,3,18,6,0,4,41,12,0,5,3,30
0,0,0,0,0,0,0,0,0,0,0,0,0,0,0,0,1,14,24,0,0,0,0
0,0,0,0,0,0,0,0,0,0,0,0,0,0,0,0,5,79,107,0,0,0,0
0,0,0,1,0,0,4,0,0,0,0,0,0,0,0,0,0,0,1,0,0,1,4
6,6,3,3,19,202,19,63,0,0,0,0,0,0,0,0,2,8,0,0,6,0,0
1,0,0,0,7,53,0,21,0,0,0,0,0,0,0,0,1,6,14,0,0,0,0
0,0,0,0,0,0,0,0,0,0,0,0,0,0,0,0,0,4,0,0,0,0,0
50,297,59,0,0,0,0,0,0,0,0,0,0,0,0,0,0,0,0,0,50,0,0
3,0,0,0,19,71,2,20,0,0,0,0,0,0,0,0,5,36,30,0,1,0,0
11,8,2,5,32,151,14,26,0,0,0,0,0,0,0,0,7,33,17,0,5,0,0
0,0,0,0,0,0,0,0,0,0,0,0,0,0,0,0,1,26,23,0,0,0,0
7,0,3,4,28,69,16,47,0,0,0,0,0,0,0,0,5,46,72,0,3,0,0
61,118,74,0,0,0,0,0,0,0,0,0,0,0,0,0,0,0,0,0,61,0,0
0,0,0,0,0,0,0,0,0,0,0,0,0,0,0,0,7,70,148,0,0,0,0
16,0,2,7,34,327,49,94,0,0,127,0,3,34,24,0,10,59,42,0,4,1,30
9,0,0,2,25,22,7,49,0,0,0,0,0,0,0,0,6,63,96,0,3,0,0
28,2,0,23,10,267,114,27,0,0,69,0,5,12,9,0,2,19,19,0,1,11,67
0,0,0,10,0,0,38,0,0,0,10,0,4,3,0,0,1,0,0,0,0,10,38
30,38,23,8,64,444,57,194,0,0,0,0,0,0,0,0,9,64,38,0,17,0,0
23,1,2,10,27,213,56,83,0,0,69,0,1,21,25,0,6,37,29,0,3,3,42
0,0,0,0,0,0,5,0,0,0,28,0,1,8,23,0,3,34,55,0,0,0,5
14,0,14,1,128,114,29,232,0,0,0,0,0,0,0,0,5,144,197,0,14,0,0
0,0,0,0,25,29,0,39,0,0,0,0,0,0,0,0,3,90,177,0,0,0,0
47,0,58,3,186,336,47,478,0,0,0,0,0,0,0,0,4,122,229,0,47,0,0
0,0,0,0,0,48,0,13,0,0,0,0,0,0,0,0,1,16,15,0,0,0,0
0,0,0,0,0,0,0,0,0,0,0,0,0,0,0,0,5,117,139,0,0,0,0
0,0,0,2,0,23,1,0,0,0,0,0,0,0,0,0,3,9,0,0,0,0,0
0,0,0,0,0,0,0,0,0,0,0,0,0,0,0,0,3,7,2,0,0,0,0
0,0,0,0,0,0,0,0,0,0,0,0,0,0,0,0,0,0,0,0,0,0,0
7,0,3,0,31,65,2,67,0,0,0,0,0,0,0,0,2,24,61,0,7,0,0
13,0,0,0,25,47,2,14,0,0,0,0,3,4,0,0,1,1,0,0,0,0,2
0,0,0,0,0,0,0,0,0,0,0,0,0,0,0,0,1,11,2,0,0,0,0
0,0,0,0,0,0,1,0,0,0,1,0,0,0,0,0,0,0,0,0,0,0,1
0,0,0,0,0,0,1,0,0,0,4,0,0,2,2,0,0,1,1,0,0,0,1
0,0,0,0,0,0,0,0,0,0,0,0,0,0,0,0,1,3,4,0,0,0,0
4,0,0,3,11,63,9,8,0,0,2,0,0,1,0,0,0,1,2,0,0,3,8
1,1,1,2,13,45,3,18,0,0,0,0,0,0,0,0,3,15,4,0,1,0,0
0,0,0,0,5,8,0,4,0,0,0,0,0,0,0,0,0,5,4,0,0,0,0
3,0,0,2,8,119,4,5,0,0,0,0,0,0,0,0,2,11,6,0,1,0,0
0,0,0,0,0,0,0,0,0,0,0,0,0,0,0,0,3,25,4,0,0,0,0
0,0,0,0,0,0,0,0,0,0,0,0,0,0,0,0,0,5,1,0,0,0,0
0,0,0,0,0,0,0,0,0,0,0,0,0,0,0,0,0,0,0,0,0,0,0
0,0,0,0,0,0,0,0,0,0,0,0,0,0,0,0,2,6,0,0,0,0,0
2,0,0,1,0,18,2,0,0,0,0,0,0,0,0,0,0,10,1,0,0,0,0
0,0,0,1,0,0,4,0,0,0,0,0,0,0,0,0,0,2,1,0,0,1,4
1,0,0,1,0,14,2,0,0,0,0,0,0,0,0,0,0,5,1,0,0,0,0
2,64,0,0,0,0,0,0,0,0,0,0,0,0,0,0,0,0,0,0,2,0,0
0,0,0,0,0,0,0,0,0,0,0,0,0,0,0,0,6,6,2,0,0,0,0
94,68,6,22,172,1001,97,153,0,0,0,0,0,0,0,0,15,111,117,0,60,0,0
22,13,1,6,24,582,43,65,0,0,0,0,0,0,0,0,8,79,69,0,14,0,0
50,23,17,9,109,828,56,150,0,0,0,0,0,0,0,0,16,139,74,0,26,0,0
59,16,1,12,116,836,66,93,0,0,46,0,6,7,2,0,5,39,13,0,11,3,32
2,1,0,2,2,161,37,42,0,0,0,0,0,0,0,0,5,153,296,0,0,0,0
0,0,0,0,0,0,0,0,0,0,0,0,0,0,0,0,2,23,64,0,0,0,0
31,0,0,8,14,346,28,51,0,0,5,0,0,3,0,0,1,3,0,0,1,2,5
23,0,0,19,0,207,74,0,0,0,0,0,0,0,0,0,0,0,0,0,0,10,32
0,0,0,10,0,0,52,0,0,0,0,0,0,0,0,0,0,0,0,0,0,10,52
35,0,0,13,12,371,49,26,0,0,30,0,1,6,0,0,2,5,0,0,1,7,32
0,0,0,1,0,0,29,0,0,0,39,0,1,16,48,0,2,59,140,0,0,1,29
201,1091,190,0,0,0,0,0,0,0,0,0,0,0,0,0,0,0,0,0,201,0,0
21,0,1,4,40,422,25,96,0,0,33,0,3,17,8,0,4,33,22,0,5,1,18
5,0,0,3,16,205,20,50,0,0,0,0,0,0,0,0,9,180,319,0,1,0,0
0,0,0,0,0,0,4,0,0,0,22,0,0,2,4,0,1,12,23,0,0,0,4
1,0,0,1,3,61,13,50,0,0,0,0,0,0,0,0,7,169,421,0,0,0,0
0,0,0,0,0,0,0,0,0,0,0,0,0,0,0,0,2,12,0,0,0,0,0
21,0,0,9,100,250,65,65,0,0,147,0,6,14,0,0,10,37,5,0,3,3,48
0,0,0,0,0,0,0,0,0,0,0,0,0,0,0,0,0,0,0,0,0,0,0
2,0,0,0,4,114,10,7,0,0,0,0,0,0,0,0,13,175,236,0,0,0,0
0,0,0,0,0,0,0,0,0,0,0,0,0,0,0,0,0,1,0,0,0,0,0
0,1,0,2,4,19,3,4,0,0,0,0,0,0,0,0,3,7,0,0,0,0,0
0,0,0,3,0,0,8,0,0,0,2,0,0,0,1,0,0,3,1,0,0,3,8
2,3,1,4,5,65,10,4,0,0,0,0,0,0,0,0,6,18,4,0,2,0,0
4,5,1,2,20,107,5,18,0,0,0,0,0,0,0,0,8,49,9,0,0,0,0
4,1,0,7,0,49,22,0,0,0,4,0,0,2,2,0,0,5,2,0,0,1,7
0,0,0,0,0,0,0,0,0,0,0,0,0,0,0,0,0,0,0,0,0,0,0
1,0,0,3,8,28,9,6,0,0,0,0,0,0,0,0,5,34,26,0,1,0,0
0,0,0,0,24,17,0,36,0,0,0,0,0,0,0,0,0,20,28,0,0,0,0
6,2,2,1,47,227,4,49,0,0,0,0,0,0,0,0,4,73,68,0,2,0,0
2,0,1,0,14,61,0,27,0,0,0,0,0,0,0,0,1,7,8,0,0,0,0
45,0,46,1,214,239,22,343,0,0,0,0,0,0,0,0,6,101,92,0,32,0,0
0,0,0,0,0,0,0,0,0,0,0,0,0,0,0,0,0,0,0,0,0,0,0
0,0,0,0,0,0,0,0,0,0,0,0,0,0,0,0,6,96,128,0,0,0,0
13,3,5,4,56,436,23,189,0,0,0,0,0,0,0,0,6,159,331,0,7,0,0
11,0,0,0,54,132,21,42,0,0,89,0,1,4,29,0,1,12,45,0,0,0,21
309,1464,438,0,0,0,0,0,0,0,0,0,0,0,0,0,0,0,0,0,309,0,0
5,0,0,0,72,72,0,64,0,0,0,0,0,0,0,0,5,114,163,0,1,0,0
9,0,0,2,73,180,22,68,0,0,0,0,0,0,0,0,9,108,138,0,3,0,0
23,1,2,6,47,419,41,146,0,0,51,0,0,4,24,0,2,44,111,0,3,3,40
6,0,3,1,53,209,2,170,0,0,0,0,0,0,0,0,12,223,419,0,0,0,0
148,1,1,70,78,525,213,82,0,0,112,0,10,17,12,0,1,6,4,0,4,56,180
10,0,1,2,69,221,47,149,0,0,30,0,0,13,42,0,8,200,448,0,0,1,45
90,0,1,16,68,290,70,58,0,0,47,0,0,6,5,0,0,2,1,0,0,16,70
0,0,0,0,0,0,0,0,0,0,0,0,0,0,0,0,0,0,0,0,0,0,0
30,2,7,2,83,596,29,146,0,0,59,0,3,9,15,0,3,33,88,0,6,1,21
53,0,1,15,133,289,76,141,0,0,74,0,0,8,23,0,1,18,42,0,2,9,66
63,16,11,13,157,945,57,176,0,0,92,0,0,9,23,0,2,57,75,0,9,3,40
134,53,113,16,209,1187,182,662,0,0,0,0,0,0,0,0,7,134,275,0,110,0,0
56,0,12,11,223,545,116,348,0,0,223,0,6,74,110,0,8,82,126,0,16,3,72
27,8,0,10,84,574,63,88,0,0,0,0,0,0,0,0,11,127,139,0,13,0,0
0,0,0,3,0,0,51,0,0,0,95,0,0,17,44,0,1,19,55,0,0,3,51
66,15,38,25,270,852,126,578,0,0,141,0,4,77,115,0,6,104,142,0,38,0,31
122,2,5,35,167,703,172,185,0,0,157,0,13,53,35,0,4,18,23,0,8,17,141
4,3,3,3,14,73,15,20,0,0,0,0,0,0,0,0,4,22,2,0,4,0,0
0,0,0,5,0,0,33,0,0,0,42,0,0,3,9,0,1,14,3,0,0,5,33
4,3,3,4,16,115,12,25,0,0,0,0,0,0,0,0,4,32,32,0,0,0,0
0,0,3,0,16,13,1,27,0,0,0,0,0,0,0,0,1,7,0,0,0,0,0
0,0,0,3,0,0,13,0,0,0,7,0,0,3,2,0,1,1,0,0,0,3,13
32,162,37,0,0,0,0,0,0,0,0,0,0,0,0,0,0,0,0,0,32,0,0
9,12,0,10,14,242,44,50,0,0,0,0,0,0,0,0,12,107,98,0,3,0,0
10,0,0,16,8,109,85,13,0,0,28,0,3,2,2,0,3,12,7,0,0,12,81
13,15,0,8,22,298,69,93,0,0,0,0,0,0,0,0,11,103,95,0,6,0,0
0,0,0,1,0,0,18,0,0,0,45,0,4,15,12,0,6,40,35,0,0,1,18
0,0,0,3,0,0,22,0,0,0,14,0,0,6,6,0,4,36,39,0,0,3,22
9,0,0,10,13,110,77,39,0,0,89,0,6,17,5,0,10,53,19,0,1,3,44
9,0,0,9,14,164,82,38,0,0,84,0,3,15,12,0,10,45,40,0,1,3,54
7,0,0,3,13,39,16,28,0,0,17,0,4,6,3,0,2,14,11,0,0,0,12
0,0,0,3,0,0,14,0,0,0,3,0,1,4,2,0,4,18,32,0,0,3,14
0,0,0,3,0,0,28,0,0,0,27,0,4,15,3,0,5,13,10,0,0,3,28
5,0,0,1,15,29,6,27,0,0,0,0,0,0,0,0,9,54,65,0,1,0,0
7,3,0,5,20,225,32,90,0,0,0,0,0,0,0,0,11,170,180,0,3,0,0
2,0,0,1,4,15,7,11,0,0,0,0,0,0,0,0,7,69,91,0,0,0,0
33,204,37,0,0,0,0,0,0,0,0,0,0,0,0,0,0,0,0,0,33,0,0
0,0,0,0,0,0,0,0,0,0,0,0,0,0,0,0,2,15,17,0,0,0,0
0,0,0,2,0,0,18,0,0,0,10,0,0,5,0,0,1,8,23,0,0,2,18
0,0,0,4,0,0,8,0,0,0,0,0,0,0,0,0,0,0,0,0,0,4,8
0,0,0,0,0,0,0,0,0,0,0,0,0,0,0,0,4,19,12,0,0,0,0
10,9,0,6,0,238,41,0,0,0,0,0,0,0,0,0,0,10,25,0,0,0,0
0,0,0,2,0,0,22,0,0,0,24,0,0,12,8,0,2,20,13,0,0,2,22
0,0,0,0,0,0,0,0,0,0,0,0,0,0,0,0,7,95,84,0,0,0,0
20,5,3,7,35,488,42,128,0,0,0,0,0,0,0,0,10,94,217,0,13,0,0
32,19,15,14,43,638,52,133,0,0,0,0,0,0,0,0,9,67,98,0,21,0,0
47,79,27,18,65,1417,101,252,0,0,0,0,0,0,0,0,10,110,142,0,30,0,0
34,13,2,24,33,735,112,74,0,0,122,0,6,16,3,0,9,54,7,0,6,3,44
31,2,0,25,12,392,111,28,0,0,71,0,3,6,1,0,5,14,1,0,1,12,82
21,9,5,7,21,505,61,85,0,0,0,0,0,0,0,0,7,101,207,0,7,0,0
20,0,2,12,32,312,64,97,0,0,26,0,2,12,12,0,6,43,62,0,4,3,26
0,0,0,0,0,0,0,0,0,0,0,0,0,0,0,0,8,85,121,0,0,0,0
168,1622,226,0,0,0,0,0,0,0,0,0,0,0,0,0,0,0,0,0,168,0,0
0,0,0,6,0,0,52,0,0,0,90,0,2,12,12,0,5,25,14,0,0,6,52
18,0,0,11,24,215,61,60,0,0,23,0,2,10,12,0,6,40,56,0,3,3,26
20,0,0,32,0,147,86,0,0,0,29,0,0,0,0,0,1,1,0,0,0,26,73
12,2,1,5,20,367,62,39,0,0,130,0,2,37,30,0,9,62,56,0,0,1,36
7,1,1,2,11,217,8,17,0,0,0,0,0,0,0,0,5,30,31,0,1,0,0
5,0,0,3,9,83,18,4,0,0,15,0,0,3,5,0,0,16,12,0,0,3,18
7,0,0,6,12,98,8,35,0,0,1,0,0,2,1,0,0,6,12,0,0,0,2
3,0,0,3,17,101,30,26,0,0,161,0,2,25,35,0,6,50,75,0,0,1,30
0,0,0,5,0,0,27,0,0,0,35,0,0,0,0,0,1,1,0,0,0,5,27
2,0,1,0,3,140,0,21,0,0,0,0,0,0,0,0,2,27,28,0,0,0,0
23,0,0,22,11,234,97,29,0,0,56,0,4,7,5,0,3,12,7,0,1,12,75
0,0,0,13,0,0,20,0,0,0,0,0,0,0,0,0,0,0,0,0,0,13,20
0,0,0,1,0,0,14,0,0,0,20,0,0,5,15,0,0,18,28,0,0,1,14
20,0,2,12,33,443,73,92,0,0,167,0,4,16,19,0,7,44,52,0,4,3,54
0,0,0,0,0,0,0,0,0,0,0,0,0,0,0,0,1,12,16,0,0,0,0
3,0,0,1,15,121,7,16,0,0,0,0,0,0,0,0,4,56,51,0,1,0,0
19,0,16,2,112,447,19,197,0,0,0,0,0,0,0,0,6,117,82,0,5,0,0
0,0,0,0,0,0,0,0,0,0,0,0,0,0,0,0,9,64,30,0,0,0,0
0,0,0,2,0,12,4,0,0,0,0,0,0,0,0,0,3,8,4,0,0,0,0
0,0,0,4,0,0,23,0,0,0,11,0,0,2,2,0,1,3,2,0,0,4,23
2,0,1,1,12,60,2,9,0,0,0,0,0,0,0,0,9,51,9,0,0,0,0
137,42,70,18,302,935,65,318,0,0,0,0,0,0,0,0,15,103,134,0,95,0,0
238,22,0,69,133,784,120,27,0,0,50,0,9,1,0,0,3,2,0,0,13,38,96
120,40,69,19,221,456,57,213,0,0,0,0,0,0,0,0,10,61,60,0,99,0,0
109,0,32,29,252,344,88,186,0,0,55,0,10,37,14,0,9,50,35,0,44,3,38
188,10,22,57,214,693,144,112,0,0,69,0,16,20,8,0,6,8,0,0,32,18,98
0,0,0,0,0,0,0,0,0,0,0,0,0,0,0,0,5,74,164,0,0,0,0
13,0,0,3,112,114,44,78,0,0,60,0,2,6,4,0,5,53,38,0,1,3,44
11,0,2,2,119,104,0,79,0,0,0,0,0,0,0,0,10,87,50,0,3,0,0
51,4,8,8,175,477,65,165,0,0,0,0,0,0,0,0,10,119,193,0,31,0,0
54,0,8,6,226,320,44,180,0,0,27,0,0,22,27,0,5,47,87,0,12,3,38
0,0,0,0,0,0,0,0,0,0,0,0,0,0,0,0,2,39,34,0,0,0,0
5,0,0,0,61,41,0,34,0,0,0,0,0,0,0,0,7,36,34,0,1,0,0
2,0,0,4,0,152,6,0,0,0,0,0,0,0,0,0,5,37,41,0,0,0,0
0,0,0,0,0,0,0,0,0,0,0,0,0,0,0,0,1,8,0,0,0,0,0
17,0,1,20,45,115,88,29,0,0,22,0,12,102,8,0,9,58,14,0,5,1,28
31,8,6,14,44,245,137,64,0,0,0,0,0,0,0,0,10,108,39,0,22,0,0
39,5,1,26,41,363,156,61,0,0,24,0,6,68,8,0,6,50,13,0,9,3,50
6,2,0,5,0,169,24,0,0,0,0,0,0,0,0,0,5,57,15,0,0,0,0
0,0,0,0,0,0,0,0,0,0,0,0,0,0,0,0,2,56,167,0,0,0,0
0,0,0,1,0,0,22,0,0,0,40,0,0,0,0,0,1,34,12,0,0,1,22
0,0,0,3,0,0,6,0,0,0,2,0,0,0,0,0,0,11,2,0,0,3,6
326,860,350,0,0,0,0,0,0,0,0,0,0,0,0,0,0,0,0,0,326,0,0
0,0,0,3,0,0,6,0,0,0,2,0,0,0,0,0,0,11,2,0,0,3,6
23,0,0,29,20,133,133,14,0,0,49,0,18,91,5,0,8,26,0,0,1,10,107
4,1,0,2,16,96,5,31,0,0,0,0,0,0,0,0,11,154,196,0,0,0,0
4,0,6,0,52,188,0,128,0,0,0,0,0,0,0,0,10,130,138,0,0,0,0
1,0,0,1,7,46,1,19,0,0,0,0,0,0,0,0,9,78,68,0,0,0,0
2,1,0,2,13,82,8,25,0,0,0,0,0,0,0,0,6,67,96,0,0,0,0
0,0,0,0,0,0,0,0,0,0,0,0,0,0,0,0,3,34,36,0,0,0,0
4,3,3,3,41,232,8,116,0,0,0,0,0,0,0,0,19,226,345,0,0,0,0
0,0,0,0,0,0,0,0,0,0,0,0,0,0,0,0,6,159,351,0,0,0,0
0,0,0,4,0,0,20,0,0,0,6,0,0,1,0,0,0,2,0,0,0,4,20
86,781,123,0,0,0,0,0,0,0,0,0,0,0,0,0,0,0,0,0,86,0,0
0,0,0,0,0,0,0,0,0,0,5,0,0,3,0,0,0,0,0,0,0,0,0
4,0,1,1,21,128,3,97,0,0,0,0,0,0,0,0,22,293,498,0,0,0,0
0,0,0,0,0,0,9,0,0,0,20,0,0,4,10,0,0,1,3,0,0,0,9
3,0,3,0,37,110,0,75,0,0,0,0,0,0,0,0,8,110,92,0,0,0,0
0,0,0,0,0,0,0,0,0,0,0,0,0,0,0,0,4,15,18,0,0,0,0
0,0,0,3,0,0,18,0,0,0,1,0,0,2,5,0,1,40,61,0,0,3,18
34,3,54,3,113,574,33,173,0,0,0,0,0,0,0,0,7,73,44,0,34,0,0
0,0,0,0,0,0,0,0,0,0,0,0,0,0,0,0,3,29,20,0,0,0,0
0,0,0,0,0,0,0,0,0,0,0,0,0,0,0,0,5,55,61,0,0,0,0
0,0,0,0,0,0,0,0,0,0,0,0,0,0,0,0,5,48,54,0,0,0,0
8,0,6,0,74,368,3,248,0,0,0,0,0,0,4,0,0,18,56,0,0,0,1
1,1,1,3,19,150,17,36,0,0,0,0,0,0,0,0,6,96,128,0,1,0,0
26,0,4,2,58,456,55,225,0,0,0,0,0,0,0,0,0,0,0,0,2,2,46
30,14,92,3,193,1030,8,366,0,0,0,0,0,0,0,0,12,92,133,0,14,0,0
0,0,0,0,0,0,0,0,0,0,0,0,0,0,0,0,0,0,0,0,0,0,0
0,0,0,0,16,26,0,23,0,0,0,0,0,0,0,0,0,29,62,0,0,0,0
0,0,0,0,0,0,0,0,0,0,0,0,0,0,0,0,4,12,52,0,0,0,0
0,0,0,0,0,0,0,0,0,0,0,0,0,0,0,0,1,26,26,0,0,0,0
3,0,0,2,10,157,39,66,0,0,0,0,0,0,0,0,11,254,530,0,1,0,0
5,0,0,3,12,134,78,59,0,0,122,0,1,27,74,0,3,94,195,0,0,3,78
0,0,0,0,0,0,0,0,0,0,0,0,0,0,0,0,0,0,0,0,0,0,0
0,0,0,0,0,0,0,0,0,0,0,0,0,3,2,0,0,2,0,0,0,0,0
1,0,0,0,4,37,0,25,0,0,0,0,0,0,0,0,2,26,46,0,0,0,0
0,0,0,0,0,0,0,0,0,0,0,0,0,0,0,0,0,0,0,0,0,0,0
0,0,0,0,0,0,4,0,0,0,2,0,0,2,7,0,0,2,1,0,0,0,4
0,0,0,0,0,0,0,0,0,0,0,0,0,0,0,0,0,0,0,0,0,0,0
4,0,1,0,31,6,4,7,0,0,0,0,0,0,0,0,2,6,0,0,4,0,0
42,1,0,6,0,89,6,0,0,0,0,0,0,0,0,0,0,0,0,0,0,0,3
7,0,13,0,55,29,0,0,0,0,0,0,0,0,0,0,3,0,0,0,7,0,0
7,0,13,0,75,31,0,6,0,0,0,0,0,0,0,0,5,3,0,0,7,0,0
7,0,3,0,61,34,1,64,0,0,0,0,0,0,0,0,4,88,90,0,3,0,0
83,110,38,0,0,0,0,0,0,0,0,0,0,0,0,0,0,0,0,0,83,0,0
35,0,10,4,86,134,36,199,0,0,0,0,0,0,0,0,4,89,76,0,26,0,0
26,1,9,3,110,116,21,206,0,0,0,0,0,0,0,0,8,123,68,0,18,0,0
1,0,0,1,2,32,5,8,0,0,0,0,0,0,0,0,4,48,32,0,0,0,0
7,0,13,0,58,34,0,6,0,0,0,0,0,0,0,0,4,2,0,0,7,0,0
4,0,0,4,8,15,16,6,0,0,0,0,0,0,0,0,1,20,23,0,0,3,14
4,0,1,0,33,8,4,11,0,0,0,0,0,0,0,0,2,7,0,0,4,0,0
0,0,0,0,0,0,0,0,0,0,0,0,0,0,0,0,5,37,23,0,0,0,0
22,0,13,2,74,152,1,19,0,0,0,0,0,0,0,0,8,9,3,0,14,0,0
9,0,5,0,51,91,0,23,0,0,0,0,0,0,0,0,6,18,9,0,4,0,0
0,0,0,2,0,49,7,0,0,0,0,0,0,0,0,0,3,18,24,0,0,0,0
0,3,0,5,0,57,13,0,0,0,0,0,0,0,0,0,6,11,8,0,0,0,0
0,0,0,0,1,22,0,0,0,0,0,0,0,0,0,0,3,2,0,0,0,0,0
2,0,1,0,21,88,0,63,0,0,0,0,0,0,0,0,6,128,160,0,0,0,0
2,0,1,0,21,144,2,67,0,0,0,0,0,0,0,0,10,211,274,0,0,0,0
2,0,1,0,54,92,0,112,0,0,0,0,0,0,0,0,10,246,318,0,0,0,0
0,0,0,0,0,0,0,0,0,0,0,0,0,0,0,0,9,187,242,0,0,0,0
0,0,10,0,52,112,2,89,0,0,0,0,0,0,0,0,1,23,80,0,0,0,0
0,0,0,0,0,0,0,0,0,0,0,0,0,0,0,0,1,2,0,0,0,0,0
0,0,0,1,1,38,0,1,0,0,0,0,0,0,0,0,1,4,1,0,0,0,0
0,0,0,1,0,0,0,0,0,0,0,0,0,0,0,0,0,0,0,0,0,1,0
5,2,29,2,18,161,2,33,0,0,0,0,0,0,0,0,1,9,12,0,5,0,0
6,2,7,1,7,111,0,21,0,0,0,0,0,0,0,0,0,5,8,0,1,0,0
4,3,3,1,23,397,7,108,0,0,0,0,0,0,0,0,3,83,170,0,0,0,0
0,0,0,0,0,0,0,0,0,0,0,0,0,0,0,0,2,53,211,0,0,0,0
0,0,0,0,0,0,0,0,0,0,0,0,0,0,0,0,0,12,26,0,0,0,0
56,296,24,0,0,0,0,0,0,0,0,0,0,0,0,0,0,0,0,0,56,0,0
0,0,0,0,0,0,1,0,0,0,1,0,0,3,0,0,1,1,0,0,0,0,1
2,0,1,0,13,37,1,5,0,0,0,0,0,0,0,0,2,13,7,0,0,0,0
0,0,0,0,0,0,0,0,0,0,0,0,0,0,0,0,2,24,19,0,0,0,0
1,0,0,0,5,28,1,6,0,0,0,0,0,0,0,0,3,25,13,0,0,0,0
0,0,0,0,0,0,8,0,0,0,7,0,0,3,0,0,1,1,0,0,0,0,8
18,11,5,2,54,219,7,12,0,0,0,0,0,0,0,0,9,34,10,0,4,0,0
2,0,1,0,17,94,1,20,0,0,0,0,0,0,0,0,3,41,21,0,0,0,0
3,0,3,0,22,65,0,24,0,0,0,0,0,0,0,0,1,29,10,0,0,0,0
8,4,3,5,17,119,17,27,0,0,0,0,0,0,0,0,5,43,20,0,3,0,0
12,0,3,3,15,91,18,23,0,0,6,0,0,2,0,0,2,22,13,0,0,3,18
7,0,3,2,19,94,9,32,0,0,0,0,0,0,0,0,4,45,19,0,3,0,0
9,0,5,0,50,87,0,18,0,0,0,0,0,0,0,0,4,11,5,0,4,0,0
2,1,0,0,10,49,1,16,0,0,0,0,0,0,0,0,6,55,26,0,0,0,0
1,0,0,0,5,17,0,8,0,0,0,0,0,0,0,0,4,9,1,0,0,0,0
0,0,0,0,0,0,0,0,0,0,0,0,0,0,0,0,0,0,0,0,0,0,0
0,0,0,0,0,0,0,0,0,0,0,0,0,0,0,0,2,12,4,0,0,0,0
0,0,0,0,0,0,1,0,0,0,5,0,0,0,0,0,0,0,0,0,0,0,1
13,1,0,4,76,169,18,29,0,0,0,0,0,0,0,0,7,46,4,0,5,0,0
119,6,62,17,295,569,52,345,0,0,0,0,0,0,0,0,16,123,185,0,83,0,0
188,5,27,42,296,957,109,125,0,0,124,0,12,25,4,0,9,18,6,0,32,12,89
84,0,0,21,0,218,12,0,0,0,0,0,0,0,0,0,0,0,0,0,0,0,0
23,0,4,3,166,255,31,98,0,0,0,0,0,0,0,0,5,39,9,0,16,0,0
46,0,4,6,235,348,53,147,0,0,98,0,2,30,31,0,9,59,55,0,10,3,48
7,2,0,5,4,353,55,15,0,0,0,0,0,0,0,0,11,152,181,0,1,0,0
94,5,52,15,244,490,54,285,0,0,0,0,0,0,0,0,7,77,123,0,77,0,0
45,0,3,11,213,391,56,98,0,0,56,0,6,13,0,0,9,46,15,0,17,1,19
358,1359,425,0,0,0,0,0,0,0,0,0,0,0,0,0,0,0,0,0,358,0,0
56,14,7,12,194,417,53,164,0,0,0,0,0,0,0,0,8,77,96,0,44,0,0
65,0,0,9,30,111,22,10,0,0,12,0,0,0,0,0,0,0,0,0,0,8,22
0,0,0,21,0,0,12,0,0,0,0,0,0,0,0,0,0,0,0,0,0,21,12
86,0,22,21,277,321,56,286,0,0,15,0,8,42,31,0,10,58,73,0,31,3,34
0,0,0,0,0,0,0,0,0,0,0,0,0,0,0,0,2,11,20,0,0,0,0
1,0,0,2,0,83,10,0,0,0,0,0,0,0,0,0,6,51,53,0,0,0,0
126,12,40,26,295,882,86,243,0,0,71,0,6,26,16,0,8,36,27,0,51,3,44
19,0,0,26,19,141,105,13,0,0,32,0,15,95,5,0,8,39,4,0,1,6,70
0,0,0,3,0,0,20,0,0,0,14,0,1,1,0,0,2,33,7,0,0,3,20
46,0,4,6,235,348,53,147,0,0,98,0,2,30,31,0,9,59,55,0,10,3,48
23,0,0,26,18,179,118,13,0,0,52,0,15,93,7,0,8,25,2,0,1,7,91
0,0,0,3,0,0,24,0,0,0,3,0,1,7,0,0,3,43,0,0,0,3,24
9,0,1,9,37,136,52,70,0,0,0,0,0,0,0,0,11,188,116,0,5,0,0
0,0,0,0,0,0,0,0,0,0,0,0,0,0,0,0,1,33,32,0,0,0,0
13,0,0,3,90,109,10,63,0,0,2,0,1,1,0,0,4,10,0,0,1,3,10
133,23,97,6,196,475,35,432,0,0,0,0,0,0,0,0,5,38,54,0,111,0,0
101,0,16,9,276,854,65,415,0,0,40,0,3,39,26,0,3,50,98,0,20,3,50
39,0,27,1,154,70,21,102,0,0,0,0,0,0,0,0,3,44,25,0,39,0,0
94,3,17,16,255,880,131,441,0,0,14,0,3,24,8,0,4,91,196,0,46,3,28
130,0,14,25,260,1122,177,306,0,0,184,0,2,44,77,0,4,33,22,0,22,18,144
88,2,24,12,294,1401,121,303,0,0,257,0,4,42,58,0,5,78,35,0,40,3,76
0,0,0,0,0,0,0,0,0,0,0,0,0,0,0,0,0,0,0,0,0,0,0
0,0,0,0,0,0,0,0,0,0,0,0,0,0,0,0,2,53,14,0,0,0,0
0,0,0,1,0,0,18,0,0,0,32,0,0,0,0,0,2,58,143,0,0,1,18
29,0,16,1,136,112,18,143,0,0,0,0,0,0,0,0,3,68,91,0,29,0,0
79,23,34,8,222,1074,63,350,0,0,0,0,0,0,0,0,8,103,218,0,79,0,0
0,1,0,0,0,0,0,0,0,0,0,0,0,0,0,0,0,0,0,0,0,0,0
0,0,0,0,0,0,0,0,0,0,0,0,0,0,0,0,0,0,0,0,0,0,0
2,13,0,6,9,288,15,24,0,0,0,0,0,0,0,0,5,26,7,0,2,0,0
0,0,0,0,0,0,0,0,0,0,0,0,0,0,0,0,1,0,0,0,0,0,0
3,2,1,2,20,303,47,87,0,0,0,0,0,0,0,0,7,229,478,0,0,0,0
0,0,0,0,0,0,0,0,0,0,0,0,0,0,0,0,4,43,33,0,0,0,0
1,9,0,6,10,294,16,19,0,0,0,0,0,0,0,0,5,29,25,0,1,0,0
0,0,0,0,3,55,0,10,0,0,0,0,0,0,0,0,4,47,55,0,0,0,0
0,0,0,0,3,39,0,13,0,0,0,0,0,0,0,0,1,7,29,0,0,0,0
4,0,0,3,8,131,26,24,0,0,30,0,0,1,5,0,0,6,21,0,0,3,26
0,0,0,0,11,84,0,19,0,0,0,0,0,0,4,0,0,7,15,0,0,0,0
9,0,1,1,55,167,0,189,0,0,0,0,0,0,0,0,5,78,287,0,5,0,0
5,4,0,7,4,137,5,3,0,0,0,0,0,0,0,0,4,7,2,0,1,0,0
3,0,0,2,32,173,12,65,0,0,0,0,0,0,0,0,3,74,110,0,1,0,0
0,0,0,0,0,0,0,0,0,0,0,0,0,0,0,0,3,14,18,0,0,0,0
0,0,0,0,2,42,0,5,0,0,0,0,0,0,0,0,3,24,17,0,0,0,0
4,0,0,7,0,63,19,0,0,0,15,0,0,0,0,0,1,7,12,0,0,3,16
39,204,57,24,93,1690,141,377,0,0,0,0,0,0,0,0,10,168,254,0,39,0,0
3,0,0,1,6,60,30,39,0,0,95,0,2,10,20,0,5,62,85,0,0,1,24
18,1,0,21,0,247,125,0,0,0,275,0,10,33,23,0,10,27,30,0,0,7,100
3,0,0,2,13,108,41,54,0,0,0,0,0,0,0,0,12,190,524,0,1,0,0
4,0,0,3,8,91,37,35,0,0,22,0,1,3,7,0,6,46,111,0,0,3,36
0,0,0,5,0,0,52,0,0,0,123,0,3,16,5,0,2,6,5,0,0,5,52
0,0,0,0,0,0,0,0,0,0,0,0,0,0,0,0,0,0,0,0,0,0,0
33,24,21,10,48,420,57,161,0,0,0,0,0,0,0,0,6,69,38,0,21,0,0
5,0,0,5,15,88,123,40,0,0,360,0,3,24,27,0,10,78,80,0,0,5,123
0,0,0,6,0,0,60,0,0,0,76,0,5,13,17,0,1,12,21,0,0,6,60
0,0,0,0,0,0,3,0,0,0,16,0,1,1,0,0,1,2,1,0,0,0,3
25,12,5,14,46,580,91,138,0,0,146,0,2,22,16,0,7,31,69,0,4,3,54
6,0,4,3,24,246,38,149,0,0,0,0,0,0,0,0,9,143,326,0,6,0,0
23,0,0,10,11,114,58,25,0,0,37,0,1,12,4,0,2,7,2,0,1,7,37
14,3,1,9,17,411,97,65,0,0,157,0,2,18,23,0,5,58,78,0,2,3,60
9,0,0,11,9,167,90,26,0,0,121,0,3,32,42,0,7,59,78,0,1,3,62
3,0,0,4,0,72,35,0,0,0,39,0,2,20,16,0,7,33,39,0,0,1,18
0,0,0,5,0,0,16,0,0,0,9,0,1,3,0,0,1,1,0,0,0,5,16
16,1,0,9,12,241,62,40,0,0,91,0,1,17,7,0,3,28,17,0,0,5,53
0,0,0,0,0,0,0,0,0,0,0,0,0,0,0,0,0,0,0,0,0,0,0
0,15,0,0,0,0,0,0,0,0,0,0,0,0,0,0,0,0,0,0,0,0,0
0,0,0,0,0,0,0,0,0,0,0,0,0,0,0,0,1,1,0,0,0,0,0
0,0,0,0,0,0,0,0,0,0,0,0,0,0,0,0,0,2,0,0,0,0,0
0,0,0,0,0,0,0,0,0,0,0,0,0,0,0,0,0,2,0,0,0,0,0
0,0,0,0,0,0,0,0,0,0,0,0,0,0,0,0,11,234,433,0,0,0,0
3,0,0,3,11,164,42,50,0,0,0,0,0,0,0,0,10,112,132,0,3,0,0
3,0,0,1,15,138,35,66,0,0,153,0,1,22,49,0,4,110,236,0,0,1,34
9,0,0,7,7,196,92,39,0,0,88,0,0,10,16,0,5,46,17,0,1,3,50
2,1,0,2,4,208,23,31,0,0,0,0,0,0,0,0,9,193,615,0,0,0,0
1,2,18,0,68,269,3,185,0,0,0,0,0,0,0,0,7,70,81,0,1,0,0
31,0,2,5,82,361,59,162,0,0,81,0,0,23,32,0,2,39,34,0,1,3,54
5,3,13,0,75,302,4,144,0,0,0,0,0,0,0,0,10,94,27,0,5,0,0
0,0,0,3,0,0,14,0,0,0,8,0,1,1,0,0,1,4,4,0,0,3,14
0,0,0,1,2,56,0,11,0,0,0,0,0,0,0,0,4,46,71,0,0,0,0
0,0,0,0,0,0,0,0,0,0,0,0,0,0,0,0,3,14,4,0,0,0,0
0,0,0,1,0,0,4,0,0,0,0,0,0,0,0,0,0,0,0,0,0,1,4
14,130,8,0,0,0,0,0,0,0,0,0,0,0,0,0,0,0,0,0,14,0,0
2,0,1,2,19,28,2,9,0,0,0,0,0,0,0,0,1,5,0,0,0,0,0
0,0,0,0,0,0,0,0,0,0,0,0,0,0,0,0,2,12,2,0,0,0,0
0,0,0,4,0,0,7,0,0,0,0,0,1,0,0,0,0,0,0,0,0,4,7
8,0,1,0,39,58,4,15,0,0,0,0,0,0,0,0,2,7,0,0,4,0,0
83,376,35,0,0,0,0,0,0,0,0,0,0,0,0,0,0,0,0,0,83,0,0
1,0,0,0,5,19,0,10,0,0,0,0,0,0,0,0,4,14,3,0,0,0,0
18,11,5,2,54,219,7,12,0,0,0,0,0,0,0,0,9,34,10,0,4,0,0
0,0,0,0,0,0,3,0,0,0,7,0,0,1,2,0,0,2,7,0,0,0,3
14,0,13,0,85,119,0,13,0,0,0,0,0,0,0,0,8,4,0,0,7,0,0
42,1,0,6,0,89,6,0,0,0,0,0,0,0,0,0,0,0,0,0,0,0,3
30,0,13,2,63,171,1,19,0,0,0,0,0,0,0,0,6,12,3,0,14,0,0
14,0,13,0,68,122,0,13,0,0,0,0,0,0,0,0,5,6,0,0,7,0,0
42,0,13,3,73,166,2,13,0,0,0,0,0,0,0,0,1,3,0,0,7,3,2
0,0,0,8,0,0,11,0,0,0,1,0,1,0,0,0,0,0,0,0,0,8,11
0,0,0,0,0,0,6,0,0,0,1,0,1,0,0,0,0,0,0,0,0,0,6
45,2,1,7,15,81,14,6,0,0,0,0,0,0,0,0,0,0,0,0,0,0,9
0,0,0,5,0,0,13,0,0,0,4,0,0,0,2,0,0,2,2,0,0,5,13
42,0,0,1,109,275,47,281,0,0,51,0,0,5,43,0,0,13,7,0,6,0,45
15,0,0,1,49,49,17,139,0,0,0,0,0,0,0,0,2,79,137,0,10,0,0
61,71,58,0,0,0,0,0,0,0,0,0,0,0,0,0,0,0,0,0,61,0,0
6,0,0,5,14,152,45,63,0,0,0,0,0,0,0,0,7,130,292,0,3,0,0
19,0,3,12,32,229,71,75,0,0,75,0,5,24,27,0,7,47,34,0,3,3,44
1,0,0,0,4,25,0,13,0,0,0,0,0,0,0,0,5,22,25,0,0,0,0
0,0,0,0,0,0,0,0,0,0,0,0,0,0,0,0,4,29,32,0,0,0,0
10,0,0,11,0,189,108,0,0,0,86,0,1,10,5,0,3,21,5,0,0,7,94
7,4,4,2,29,495,4,100,0,0,0,0,0,0,0,0,4,38,104,0,2,0,0
6,0,4,0,32,261,2,93,0,0,0,0,0,0,0,0,4,109,97,0,2,0,0
0,0,0,0,8,39,0,35,0,0,0,0,0,0,0,0,3,103,144,0,0,0,0
