1542: 25 130 
1543: 87 145 
1544: 13 62 79 
1545: 29 45 
1546: 9 13 
1547: 9 25 27 73 88 134 
1548: 42 47 
1549: 12 38 
1550: 3 24 46 54 82 90 92 112 126 129 
1551: 14 17 
1552: 83 147 
1553: 45 75 
1554: 2 28 41 106 
1555: 66 122 
1556: 41 67 
1557: 4 89 
1558: 28 77 79 86 103 
1559: 22 28 80 101 109 
1560: 96 99 
1561: 7 145 
1562: 108 130 
1563: 51 105 
1564: 42 72 74 87 88 108 116 121 135 
1565: 22 145 
1566: 18 74 
1567: 2 68 107 138 
1568: 57 113 125 
1569: 32 79 92 139 146 
1570: 12 144 
1571: 23 36 54 59 79 127 
1572: 8 19 82 103 122 
1573: 1 119 
1574: 81 112 
1575: 53 64 66 137 
1576: 25 32 40 46 63 72 75 116 122 142 
1577: 21 25 37 63 88 
1578: 96 140 
1579: 63 66 75 142 
1580: 13 23 47 
1581: 78 114 
1582: 36 63 
1583: 21 116 
1584: 34 90 133 
1585: 9 141 
1586: 38 113 
1587: 60 123 
1588: 80 99 
1589: 6 58 109 113 142 
1590: 22 116 142 
1591: 71 129 
1592: 4 13 
1593: 97 123 
1594: 78 84 88 108 
1595: 61 86 
1596: 9 13 34 37 46 84 
1597: 28 56 59 60 76 97 143 
1598: 44 140 
1599: 59 135 
1600: 64 75 
1601: 24 94 
1602: 33 89 
1603: 2 37 
1604: 95 140 
1605: 12 109 
1606: 8 11 23 38 74 97 120 
1607: 47 107 
1608: 120 139 
1609: 14 37 88 
1610: 40 144 
1611: 22 27 79 106 
1612: 26 91 
1613: 20 40 
1614: 19 24 54 68 104 112 117 122 125 127 
1615: 103 107 
1616: 28 50 69 
1617: 13 120 
1618: 13 18 25 45 
1619: 19 106 148 
1620: 6 37 147 
1621: 50 66 
1622: 52 92 
1623: 3 58 125 127 
1624: 2 42 47 
1625: 45 107 117 
1626: 80 
1627: 69 89 115 
1628: 78 135 
1629: 25 38 54 83 91 123 141 
1630: 1 143 
1631: 7 34 77 91 
1632: 32 92 99 109 
1633: 50 118 
1634: 63 71 84 138 
1635: 57 61 
1636: 36 45 92 
1637: 39 136 
1638: 45 63 
1639: 9 33 43 135 
1640: 70 84 
1641: 12 81 
1642: 66 127 
1643: 11 36 49 100 
1644: 67 79 
1645: 1 22 91 
1646: 12 41 56 71 82 94 141 
1647: 136 
1648: 34 111 125 
1649: 36 55 
1650: 81 108 121 
1651: 36 78 126 
1652: 78 102 
1653: 53 71 
1654: 64 74 
1655: 6 92 105 115 
1656: 19 29 30 44 66 76 91 99 105 115 127 
1657: 17 68 
1658: 15 131 
1659: 53 59 86 120 
1660: 23 127 
1661: 11 42 
1662: 29 87 
1663: 104 139 
1664: 8 94 
1665: 30 102 
1666: 33 46 
1667: 11 142 
1668: 7 14 56 61 69 78 127 132 
1669: 67 88 133 
1670: 2 5 63 144 
1671: 44 126 
1672: 50 84 86 
1673: 26 44 
1674: 51 123 
1675: 53 129 144 
1676: 28 99 
1677: 58 69 122 145 
1678: 73 84 
1679: 60 80 81 
1680: 30 36 
1681: 93 148 
1682: 32 34 143 
1683: 18 28 59 
1684: 87 
1685: 89 140 
1686: 20 41 51 62 66 67 90 125 135 
1687: 128 137 
1688: 33 68 
1689: 30 67 97 
1690: 4 8 11 123 
1691: 22 44 54 64 76 90 121 132 
1692: 47 141 
1693: 94 98 138 
1694: 47 83 
1695: 123 
1696: 32 62 
1697: 9 85 
1698: 21 77 79 85 98 
1699: 28 
1700: 36 42 
1701: 58 84 135 
1702: 22 130 
1703: 71 77 100 111 147 
1704: 15 51 
1705: 98 118 123 
1706: 20 21 25 38 50 63 75 105 122 126 133 139 
1707: 96 127 
1708: 44 94 119 
1709: 20 93 
1710: 1 97 123 
1711: 32 128 
1712: 63 79 144 
1713: 70 80 
1714: 49 119 126 
1715: 84 90 
1716: 17 22 29 54 57 62 80 84 103 107 141 148 
1717: 24 101 
1718: 64 93 115 
1719: 48 130 
1720: 70 106 
1721: 4 22 41 44 55 61 67 86 90 118 121 
1722: 60 80 
1723: 26 72 
1724: 50 66 68 70 78 92 119 125 143 
1725: 7 14 48 90 133 
1726: 45 
1727: 46 130 
1728: 26 36 80 
1729: 47 72 136 
1730: 42 86 
1731: 95 147 
1732: 103 122 
1733: 4 63 
1734: 7 145 
1735: 84 119 
1736: 5 28 56 
1737: 104 109 
1738: 9 128 
1739: 28 59 83 106 
1740: 9 28 
1741: 39 67 119 
