1348
1463
1455
1338
583
1371
1199
1386
242
450
1062
951
1068
1385
429
335
1426
142
18
178
1087
351
413
567
473
716
635
824
1522
869
138
1436
400
731
572
920
578
1461
1431
1289
1282
964
783
501
124
1350
1167
1166
828
1216
612
946
417
528
15
179
1486
1333
505
854
1043
245
1106
29
482
113
1133
1048
1403
145
1267
471
71
883
1449
194
115
136
409
1175
1084
1186
1460
1364
1360
987
1321
667
863
43
646
1533
851
577
1334
345
992
899
888
1240
1395
706
1137
512
205
42
850
570
710
196
594
1424
938
294
288
700
467
1408
1102
818
1415
1393
160
262
924
1007
1392
1389
401
730
58
455
1404
1160
421
239
917
346
1539
911
1411
691
788
475
1525
563
792
1346
2
933
982
41
57
1092
214
464
909
315
21
1230
584
1419
365
1398
574
158
695
714
895
1481
623
870
311
1294
905
551
250
65
937
1446
330
849
799
39
1107
722
379
112
114
926
424
456
1468
734
343
579
496
1437
1189
268
